           0           0           0
  0.00461329           0           0
  0.00922657           0           0
   0.0138399           0           0
   0.0184531           0           0
   0.0230664           0           0
   0.0276797           0           0
    0.032293           0           0
   0.0369063           0           0
   0.0415196           0           0
   0.0461329           0           0
   0.0507461           0           0
   0.0553594           0           0
   0.0599727           0           0
    0.064586           0           0
   0.0691993           0           0
   0.0738126           0           0
   0.0784259           0           0
   0.0830391           0           0
   0.0876524           0           0
   0.0922657           0           0
    0.096879           0           0
    0.101492           0           0
    0.106106           0           0
    0.110719           0           0
    0.115332           0           0
    0.119945           0           0
    0.124559           0           0
    0.129172           0           0
    0.133785           0           0
    0.138399           0           0
    0.143012           0           0
    0.147625           0           0
    0.152238           0           0
    0.156852           0           0
    0.161465           0           0
    0.166078           0           0
    0.170692           0           0
    0.175305           0           0
    0.179918           0           0
    0.184531           0           0
    0.189145           0           0
    0.193758           0           0
    0.198371           0           0
    0.202985           0           0
    0.207598           0           0
    0.212211           0           0
    0.216824           0           0
    0.221438           0           0
    0.226051           0           0
    0.230664           0           0
    0.235278           0           0
    0.239891           0           0
    0.244504           0           0
    0.249117           0           0
    0.253731           0           0
    0.258344           0           0
    0.262957           0           0
    0.267571           0           0
    0.272184           0           0
    0.276797           0           0
     0.28141           0           0
    0.286024           0           0
    0.290637           0           0
     0.29525           0           0
    0.299864           0           0
    0.304477           0           0
     0.30909           0           0
    0.313703           0           0
    0.318317           0           0
     0.32293           0           0
    0.327543           0           0
    0.332157           0           0
     0.33677           0           0
    0.341383           0           0
    0.345996           0           0
     0.35061           0           0
    0.355223           0           0
    0.359836           0           0
     0.36445           0           0
    0.369063           0           0
    0.373676           0           0
    0.378289           0           0
    0.382903           0           0
    0.387516           0           0
    0.392129           0           0
    0.396743           0           0
    0.401356           0           0
    0.405969           0           0
    0.410582           0           0
    0.415196           0           0
    0.419809           0           0
    0.424422           0           0
    0.429036           0           0
    0.433649           0           0
    0.438262           0           0
    0.442875           0           0
    0.447489           0           0
    0.452102           0           0
    0.456715           0           0
    0.461329           0           0
    0.465942           0           0
    0.470555           0           0
    0.475168           0           0
    0.479782           0           0
    0.484395           0           0
    0.489008           0           0
    0.493622           0           0
    0.498235           0           0
    0.502848           0           0
    0.507461           0           0
    0.512075           0           0
    0.516688           0           0
    0.521301           0           0
    0.525915           0           0
    0.530528           0           0
    0.535141           0           0
    0.539754           0           0
    0.544368           0           0
    0.548981           0           0
    0.553594           0           0
    0.558208           0           0
    0.562821           0           0
    0.567434           0           0
    0.572047           0           0
    0.576661           0           0
    0.581274           0           0
    0.585887           0           0
    0.590501           0           0
    0.595114           0           0
    0.599727           0           0
     0.60434           0           0
    0.608954           0           0
    0.613567           0           0
     0.61818           0           0
    0.622794           0           0
    0.627407           0           0
     0.63202           0           0
    0.636633           0           0
    0.641247           0           0
     0.64586           0           0
    0.650473           0           0
    0.655087           0           0
      0.6597           0           0
    0.664313           0           0
    0.668926           0           0
     0.67354           0           0
    0.678153           0           0
    0.682766           0           0
     0.68738           0           0
    0.691993           0           0
    0.696606           0           0
    0.701219           0           0
    0.705833           0           0
    0.710446           0           0
    0.715059           0           0
    0.719673           0           0
    0.724286           0           0
    0.728899           0           0
    0.733512           0           0
    0.738126           0           0
    0.742739           0           0
    0.747352           0           0
    0.751966           0           0
    0.756579           0           0
    0.761192           0           0
    0.765805           0           0
    0.770419           0           0
    0.775032           0           0
    0.779645           0           0
    0.784259           0           0
    0.788872           0           0
    0.793485           0           0
    0.798098           0           0
    0.802712           0           0
    0.807325           0           0
    0.811938           0           0
    0.816552           0           0
    0.821165           0           0
    0.825778           0           0
    0.830391           0           0
    0.835005           0           0
    0.839618           0           0
    0.844231           0           0
    0.848845           0           0
    0.853458           0           0
    0.858071           0           0
    0.862684           0           0
    0.867298           0           0
    0.871911 1.89987e-05 1.85176e-05
    0.876524           0           0
    0.881138           0           0
    0.885751 7.36445e-05 7.17798e-05
    0.890364 5.46639e-05 5.32798e-05
    0.894977 0.000198379  8.6396e-05
    0.899591 0.000660465 0.000160207
    0.904204 0.000989474 0.000228473
    0.908817  0.00260612 0.000365614
    0.913431  0.00386123 0.000355926
    0.918044  0.00838233  0.00059897
    0.922657   0.0157663 0.000762185
     0.92727    0.024163  0.00113192
    0.931884    0.037418   0.0011913
    0.936497   0.0605274  0.00183927
     0.94111   0.0955173  0.00204657
    0.945724     0.13472  0.00253393
    0.950337    0.198504   0.0031363
     0.95495    0.265158  0.00371468
    0.959563    0.365902  0.00499942
    0.964177    0.489384  0.00413915
     0.96879    0.628708  0.00618426
    0.973403    0.791019  0.00872074
    0.978017     0.96908  0.00736018
     0.98263     1.19693  0.00766887
    0.987243     1.43965  0.00790772
    0.991856     1.68368  0.00849725
     0.99647     1.94099   0.0108419
     1.00108     2.23681  0.00975344
      1.0057     2.52448  0.00897433
     1.01031     2.81826   0.0136736
     1.01492     3.08541   0.0142309
     1.01954     3.37604   0.0116551
     1.02415      3.6352   0.0162696
     1.02876     3.89101   0.0140293
     1.03338     4.12061   0.0136033
     1.03799     4.32104   0.0154153
      1.0426     4.46606   0.0171206
     1.04722     4.63846  0.00908028
     1.05183      4.7628   0.0147506
     1.05644     4.83105   0.0204612
     1.06106     4.91292   0.0160845
     1.06567     4.92378   0.0158101
     1.07028     4.94112   0.0158515
      1.0749     4.89479   0.0157112
     1.07951      4.8233   0.0136839
     1.08412     4.75778   0.0245006
     1.08874     4.63622   0.0167665
     1.09335      4.5207  0.00877413
     1.09796     4.33936   0.0137232
     1.10258     4.20652   0.0113315
     1.10719     4.03033   0.0157597
      1.1118     3.88447   0.0146581
     1.11642     3.65825   0.0108815
     1.12103     3.46916   0.0169526
     1.12564     3.27905   0.0118116
     1.13026     3.07791   0.0120952
     1.13487     2.89933   0.0111076
     1.13948     2.72409    0.012837
     1.14409     2.50194   0.0124567
     1.14871     2.31825  0.00848365
     1.15332     2.13429  0.00874909
     1.15793     1.97987  0.00787725
     1.16255       1.803   0.0095572
     1.16716     1.65192  0.00896836
     1.17177     1.52039   0.0104583
     1.17639     1.38002  0.00566872
       1.181     1.23786  0.00709097
     1.18561     1.13111  0.00616301
     1.19023     1.01265  0.00545826
     1.19484    0.904193  0.00482376
     1.19945    0.805353  0.00709873
     1.20407     0.72804  0.00568881
     1.20868    0.645908  0.00528979
     1.21329    0.575318  0.00455536
     1.21791    0.507227  0.00497624
     1.22252    0.449417  0.00550416
     1.22713      0.3968  0.00382208
     1.23175    0.350285  0.00346813
     1.23636    0.307414  0.00275945
     1.24097    0.267675  0.00334382
     1.24559    0.234902   0.0031364
      1.2502    0.203493  0.00202479
     1.25481    0.176561  0.00302424
     1.25943     0.14926  0.00234186
     1.26404    0.130464  0.00219203
     1.26865    0.116737  0.00191358
     1.27327   0.0958688  0.00225864
     1.27788   0.0870105  0.00213932
     1.28249   0.0763152  0.00148728
     1.28711   0.0686438  0.00184738
     1.29172   0.0596315  0.00121069
     1.29633   0.0535434  0.00151884
     1.30095   0.0475228  0.00172904
     1.30556   0.0443529  0.00110599
     1.31017   0.0384364  0.00118505
     1.31479   0.0399672   0.0011111
      1.3194   0.0411515  0.00130975
     1.32401   0.0404943  0.00144628
     1.32863   0.0450748  0.00124115
     1.33324   0.0454722  0.00112267
     1.33785   0.0489594  0.00109678
     1.34247   0.0549509  0.00137138
     1.34708   0.0586347  0.00106092
     1.35169    0.065744  0.00120236
     1.35631   0.0721106  0.00146446
     1.36092   0.0792959   0.0015006
     1.36553   0.0923118  0.00181616
     1.37015    0.102515  0.00173499
     1.37476    0.118851  0.00205048
     1.37937    0.131513  0.00213381
     1.38399    0.144896  0.00209992
      1.3886    0.164816  0.00212552
     1.39321    0.180548  0.00281779
     1.39783    0.195211  0.00321057
     1.40244    0.221995  0.00275808
     1.40705    0.243432  0.00273258
     1.41167    0.270554  0.00253526
     1.41628    0.299174  0.00229735
     1.42089    0.322449  0.00277579
     1.42551     0.35217   0.0028736
     1.43012    0.384134  0.00289764
     1.43473    0.420631  0.00354069
     1.43935    0.452854  0.00280417
     1.44396    0.480673  0.00263483
     1.44857    0.516234  0.00415475
     1.45319    0.559436  0.00465473
      1.4578    0.600762    0.004072
     1.46241    0.626587  0.00345474
     1.46702     0.67242  0.00421706
     1.47164    0.695065  0.00395562
     1.47625    0.739731  0.00475094
     1.48086    0.762377  0.00466521
     1.48548    0.803325  0.00565483
     1.49009    0.812363  0.00558182
      1.4947    0.866621   0.0038132
     1.49932    0.892304  0.00444304
     1.50393    0.909252  0.00495264
     1.50854    0.928955  0.00509855
     1.51316    0.951486  0.00686774
     1.51777     0.94631  0.00506565
     1.52238    0.968287  0.00556961
       1.527    0.986393  0.00588382
     1.53161    0.974878  0.00553374
     1.53622    0.972494  0.00433259
     1.54084    0.959127  0.00476355
     1.54545    0.960115   0.0045942
     1.55006    0.943921  0.00569765
     1.55468    0.933101  0.00428746
     1.55929    0.910787  0.00375183
      1.5639    0.899428  0.00529944
     1.56852    0.878382  0.00462038
     1.57313    0.837876  0.00422532
     1.57774    0.813152  0.00382493
     1.58236    0.778612   0.0044435
     1.58697    0.749609  0.00441694
     1.59158    0.714093  0.00353586
      1.5962    0.675365  0.00350682
     1.60081    0.639014  0.00277801
     1.60542    0.604805  0.00363855
     1.61004    0.566452   0.0038428
     1.61465    0.535934    0.003854
     1.61926    0.500857  0.00325055
     1.62388    0.464158  0.00284924
     1.62849    0.430836  0.00339803
      1.6331    0.397231  0.00384072
     1.63772    0.377325  0.00272191
     1.64233    0.343909  0.00346946
     1.64694     0.31399  0.00336586
     1.65156    0.286723  0.00248092
     1.65617    0.269167  0.00235127
     1.66078    0.245753  0.00221734
      1.6654    0.227026  0.00241822
     1.67001    0.218584  0.00208641
     1.67462     0.20132   0.0020496
     1.67924    0.195842  0.00252206
     1.68385    0.187494  0.00249526
     1.68846    0.186447  0.00208508
     1.69308    0.186055  0.00246974
     1.69769    0.190618  0.00225468
      1.7023    0.198178  0.00286435
     1.70692     0.21195  0.00262765
     1.71153    0.230836  0.00314442
     1.71614    0.246444  0.00286972
     1.72076    0.273012  0.00200963
     1.72537    0.304635  0.00346171
     1.72998    0.337736  0.00296304
      1.7346    0.377808   0.0029346
     1.73921     0.42456  0.00343648
     1.74382    0.479281  0.00365086
     1.74844    0.533268  0.00316733
     1.75305    0.598396  0.00331311
     1.75766    0.670645  0.00250418
     1.76228    0.744132  0.00432765
     1.76689    0.835664  0.00458604
      1.7715    0.909681  0.00492521
     1.77612     1.00036  0.00531058
     1.78073     1.09213  0.00411367
     1.78534     1.19158  0.00568669
     1.78995     1.29873  0.00407134
     1.79457     1.39743  0.00494015
     1.79918      1.5059  0.00546591
     1.80379     1.62123  0.00709415
     1.80841     1.72967  0.00666819
     1.81302     1.84151  0.00477322
     1.81763     1.94056  0.00477035
     1.82225     2.04795  0.00607502
     1.82686     2.14273  0.00628919
     1.83147     2.24236  0.00696892
     1.83609     2.32932  0.00602024
      1.8407     2.41051  0.00766787
     1.84531     2.49014  0.00602185
     1.84993     2.55267  0.00961319
     1.85454     2.60357  0.00600481
     1.85915     2.65012  0.00820186
     1.86377     2.69165   0.0072312
     1.86838     2.69638  0.00722984
     1.87299      2.7229  0.00692613
     1.87761     2.72606  0.00738002
     1.88222     2.72492  0.00931941
     1.88683     2.69649  0.00798009
     1.89145     2.66866  0.00825408
     1.89606      2.6264  0.00984603
     1.90067      2.5844  0.00881542
     1.90529     2.50487  0.00642735
      1.9099     2.43362  0.00716951
     1.91451     2.36655  0.00561213
     1.91913     2.27514  0.00849162
     1.92374     2.18033  0.00718003
     1.92835     2.09414  0.00787965
     1.93297     1.99841  0.00551551
     1.93758     1.88423  0.00575598
     1.94219     1.79208  0.00472504
     1.94681     1.68816  0.00408875
     1.95142     1.58928  0.00508277
     1.95603     1.48478  0.00439686
     1.96065     1.38761  0.00528079
     1.96526     1.28531  0.00420797
     1.96987     1.20084  0.00397468
     1.97449      1.1105  0.00395118
      1.9791     1.02056   0.0044648
     1.98371    0.944526  0.00424436
     1.98833    0.866004  0.00362284
     1.99294    0.793107  0.00329985
     1.99755    0.726568  0.00303046
     2.00217    0.673202  0.00330785
     2.00678    0.619293  0.00360042
     2.01139    0.581456  0.00367964
     2.01601    0.534674  0.00377672
     2.02062    0.502377  0.00378714
     2.02523    0.472378  0.00338587
     2.02985    0.453886   0.0033219
     2.03446    0.437055  0.00232204
     2.03907    0.429939  0.00379885
     2.04369    0.429913  0.00315298
      2.0483    0.423323  0.00274886
     2.05291    0.431352  0.00336334
     2.05753    0.441708  0.00252739
     2.06214    0.457901  0.00273032
     2.06675    0.475445  0.00303434
     2.07137    0.499109  0.00205618
     2.07598    0.521574  0.00337792
     2.08059    0.553955   0.0026541
     2.08521     0.58467  0.00194845
     2.08982     0.61894  0.00295649
     2.09443    0.654495  0.00299246
     2.09905    0.686568  0.00356356
     2.10366    0.722156  0.00270798
     2.10827    0.756764  0.00241288
     2.11288    0.789004  0.00321357
      2.1175    0.822629   0.0029242
     2.12211    0.864784  0.00392819
     2.12672    0.888973  0.00309317
     2.13134    0.912499   0.0032278
     2.13595    0.944165  0.00275432
     2.14056    0.960064  0.00227058
     2.14518    0.990986  0.00342437
     2.14979     0.99895  0.00345863
      2.1544     1.02036  0.00342692
     2.15902     1.03463  0.00346018
     2.16363      1.0321  0.00379617
     2.16824     1.03731  0.00371291
     2.17286     1.03143  0.00319087
     2.17747     1.02872  0.00279547
     2.18208     1.01364  0.00467371
      2.1867     1.00868  0.00258928
     2.19131    0.986091  0.00322246
     2.19592    0.972416  0.00417084
     2.20054    0.901408  0.00340456
     2.20515    0.890606   0.0034084
     2.20976    0.859352  0.00387793
     2.21438    0.835936  0.00381043
     2.21899    0.810035  0.00283966
      2.2236    0.783354  0.00360899
     2.22822    0.759895  0.00256954
     2.23283    0.729343  0.00249612
     2.23744    0.700234  0.00224086
     2.24206    0.675854  0.00310604
     2.24667    0.650279  0.00329935
     2.25128    0.630877  0.00302625
      2.2559     0.60752  0.00232013
     2.26051    0.591893  0.00318229
     2.26512    0.575174  0.00338283
     2.26974    0.568233  0.00260497
     2.27435    0.557103  0.00299815
     2.27896    0.557837  0.00175878
     2.28358    0.552606  0.00331546
     2.28819      0.5553  0.00385765
      2.2928    0.565191  0.00325097
     2.29742    0.573778  0.00341447
     2.30203    0.596634  0.00256073
