           0           0           0
  0.00461329           0           0
  0.00922657           0           0
   0.0138399           0           0
   0.0184531           0           0
   0.0230664           0           0
   0.0276797           0           0
    0.032293           0           0
   0.0369063           0           0
   0.0415196           0           0
   0.0461329           0           0
   0.0507461           0           0
   0.0553594           0           0
   0.0599727           0           0
    0.064586           0           0
   0.0691993           0           0
   0.0738126           0           0
   0.0784259           0           0
   0.0830391           0           0
   0.0876524           0           0
   0.0922657           0           0
    0.096879           0           0
    0.101492           0           0
    0.106106           0           0
    0.110719           0           0
    0.115332           0           0
    0.119945           0           0
    0.124559           0           0
    0.129172           0           0
    0.133785           0           0
    0.138399           0           0
    0.143012           0           0
    0.147625           0           0
    0.152238           0           0
    0.156852           0           0
    0.161465           0           0
    0.166078           0           0
    0.170692           0           0
    0.175305           0           0
    0.179918           0           0
    0.184531           0           0
    0.189145           0           0
    0.193758           0           0
    0.198371           0           0
    0.202985           0           0
    0.207598           0           0
    0.212211           0           0
    0.216824           0           0
    0.221438           0           0
    0.226051           0           0
    0.230664           0           0
    0.235278           0           0
    0.239891           0           0
    0.244504           0           0
    0.249117           0           0
    0.253731           0           0
    0.258344           0           0
    0.262957           0           0
    0.267571           0           0
    0.272184           0           0
    0.276797           0           0
     0.28141           0           0
    0.286024           0           0
    0.290637           0           0
     0.29525           0           0
    0.299864           0           0
    0.304477           0           0
     0.30909           0           0
    0.313703           0           0
    0.318317           0           0
     0.32293           0           0
    0.327543           0           0
    0.332157           0           0
     0.33677           0           0
    0.341383           0           0
    0.345996           0           0
     0.35061           0           0
    0.355223           0           0
    0.359836           0           0
     0.36445           0           0
    0.369063           0           0
    0.373676           0           0
    0.378289           0           0
    0.382903           0           0
    0.387516           0           0
    0.392129           0           0
    0.396743           0           0
    0.401356           0           0
    0.405969           0           0
    0.410582           0           0
    0.415196           0           0
    0.419809           0           0
    0.424422           0           0
    0.429036           0           0
    0.433649           0           0
    0.438262           0           0
    0.442875           0           0
    0.447489           0           0
    0.452102           0           0
    0.456715           0           0
    0.461329           0           0
    0.465942           0           0
    0.470555           0           0
    0.475168           0           0
    0.479782           0           0
    0.484395           0           0
    0.489008           0           0
    0.493622           0           0
    0.498235           0           0
    0.502848           0           0
    0.507461           0           0
    0.512075           0           0
    0.516688           0           0
    0.521301           0           0
    0.525915           0           0
    0.530528           0           0
    0.535141           0           0
    0.539754           0           0
    0.544368           0           0
    0.548981           0           0
    0.553594           0           0
    0.558208           0           0
    0.562821           0           0
    0.567434           0           0
    0.572047           0           0
    0.576661           0           0
    0.581274           0           0
    0.585887           0           0
    0.590501           0           0
    0.595114           0           0
    0.599727           0           0
     0.60434           0           0
    0.608954           0           0
    0.613567           0           0
     0.61818           0           0
    0.622794           0           0
    0.627407           0           0
     0.63202           0           0
    0.636633           0           0
    0.641247           0           0
     0.64586           0           0
    0.650473           0           0
    0.655087           0           0
      0.6597           0           0
    0.664313           0           0
    0.668926           0           0
     0.67354           0           0
    0.678153           0           0
    0.682766           0           0
     0.68738           0           0
    0.691993           0           0
    0.696606           0           0
    0.701219           0           0
    0.705833           0           0
    0.710446           0           0
    0.715059           0           0
    0.719673           0           0
    0.724286           0           0
    0.728899           0           0
    0.733512           0           0
    0.738126           0           0
    0.742739           0           0
    0.747352           0           0
    0.751966           0           0
    0.756579           0           0
    0.761192           0           0
    0.765805           0           0
    0.770419           0           0
    0.775032           0           0
    0.779645           0           0
    0.784259           0           0
    0.788872           0           0
    0.793485           0           0
    0.798098           0           0
    0.802712           0           0
    0.807325           0           0
    0.811938           0           0
    0.816552           0           0
    0.821165           0           0
    0.825778           0           0
    0.830391           0           0
    0.835005           0           0
    0.839618           0           0
    0.844231           0           0
    0.848845           0           0
    0.853458           0           0
    0.858071           0           0
    0.862684           0           0
    0.867298           0           0
    0.871911           0           0
    0.876524           0           0
    0.881138 1.86039e-05 1.81328e-05
    0.885751 4.78689e-05 3.22168e-05
    0.890364 5.46639e-05 2.98852e-05
    0.894977 0.000173131 7.19391e-05
    0.899591 0.000537297 0.000140746
    0.904204  0.00147714 0.000182097
    0.908817  0.00214086  0.00024434
    0.913431  0.00463694 0.000439492
    0.918044  0.00959597 0.000594743
    0.922657   0.0158053 0.000713366
     0.92727   0.0264717 0.000830033
    0.931884   0.0429983 0.000974306
    0.936497   0.0640398  0.00115543
     0.94111   0.0971683  0.00147096
    0.945724     0.14488  0.00191863
    0.950337    0.206948  0.00167755
     0.95495    0.283043  0.00176975
    0.959563    0.381494  0.00205374
    0.964177     0.50502   0.0032014
     0.96879    0.650439  0.00313984
    0.973403    0.823632  0.00384877
    0.978017     1.00974  0.00464076
     0.98263     1.22671  0.00412369
    0.987243     1.46531   0.0068416
    0.991856     1.72171  0.00521675
     0.99647     1.99981  0.00587525
     1.00108     2.27049  0.00606233
      1.0057     2.56376   0.0093395
     1.01031     2.84126  0.00841965
     1.01492     3.12422  0.00730857
     1.01954     3.39048  0.00595266
     1.02415     3.64992  0.00997651
     1.02876     3.90351  0.00978567
     1.03338      4.1205   0.0104055
     1.03799      4.3183  0.00856525
      1.0426     4.47119  0.00916562
     1.04722      4.6168   0.0116858
     1.05183     4.72496  0.00849166
     1.05644     4.80986  0.00975936
     1.06106     4.85247   0.0101094
     1.06567     4.87957  0.00823061
     1.07028     4.87519  0.00889107
      1.0749     4.84701   0.0101803
     1.07951     4.76478  0.00922099
     1.08412     4.70307     0.01027
     1.08874     4.57587  0.00869042
     1.09335     4.46158  0.00743505
     1.09796     4.31276  0.00853918
     1.10258     4.16008  0.00875506
     1.10719      3.9829  0.00867758
      1.1118     3.81382   0.0076509
     1.11642     3.61255  0.00837987
     1.12103     3.43023  0.00845932
     1.12564     3.24879  0.00809511
     1.13026     3.06327  0.00628335
     1.13487     2.86563  0.00874573
     1.13948     2.68516  0.00850487
     1.14409     2.50118  0.00705849
     1.14871      2.3218  0.00640381
     1.15332     2.15001  0.00469618
     1.15793     1.97716  0.00500733
     1.16255     1.82523  0.00496253
     1.16716     1.67672  0.00486506
     1.17177     1.52221   0.0042358
     1.17639     1.39228   0.0043554
       1.181     1.27304  0.00637026
     1.18561     1.14227  0.00398837
     1.19023     1.02954  0.00472776
     1.19484     0.92408  0.00449191
     1.19945    0.830601  0.00502453
     1.20407    0.744574  0.00413969
     1.20868    0.669651  0.00457322
     1.21329    0.596673  0.00395686
     1.21791    0.523293  0.00364098
     1.22252    0.465911  0.00403434
     1.22713    0.408178  0.00335026
     1.23175    0.359711   0.0032588
     1.23636    0.318243  0.00227681
     1.24097    0.279165  0.00260692
     1.24559    0.245727  0.00260572
      1.2502     0.21419  0.00222616
     1.25481    0.185076  0.00214938
     1.25943    0.159373  0.00208146
     1.26404    0.141267  0.00205813
     1.26865    0.123832  0.00183119
     1.27327    0.105651  0.00179949
     1.27788   0.0907201  0.00154389
     1.28249   0.0796481   0.0014864
     1.28711   0.0707153  0.00151397
     1.29172   0.0623603  0.00167957
     1.29633   0.0556123  0.00152434
     1.30095   0.0510928  0.00130195
     1.30556   0.0464377   0.0013896
     1.31017   0.0433977  0.00101918
     1.31479   0.0419425  0.00100039
      1.3194   0.0426817  0.00150908
     1.32401   0.0430291  0.00135536
     1.32863   0.0458372  0.00140856
     1.33324    0.047885  0.00163699
     1.33785   0.0502796  0.00154206
     1.34247    0.055305  0.00127906
     1.34708   0.0612359  0.00141751
     1.35169   0.0685984  0.00144865
     1.35631   0.0769334   0.0018469
     1.36092   0.0849807  0.00153328
     1.36553   0.0950109  0.00174529
     1.37015      0.1091  0.00164665
     1.37476    0.119644   0.0021668
     1.37937    0.134644  0.00247312
     1.38399    0.149837  0.00250634
      1.3886    0.170595  0.00257072
     1.39321    0.187932  0.00224937
     1.39783    0.208526  0.00252459
     1.40244    0.228106  0.00290734
     1.40705    0.251078  0.00246508
     1.41167    0.275918  0.00265403
     1.41628    0.305469  0.00301315
     1.42089    0.333799  0.00283883
     1.42551    0.363738  0.00321151
     1.43012    0.394471  0.00264864
     1.43473    0.424663  0.00225347
     1.43935     0.45969  0.00248007
     1.44396    0.491768  0.00324887
     1.44857    0.525727    0.002185
     1.45319    0.562188  0.00215628
      1.4578    0.595621  0.00282096
     1.46241    0.633425  0.00269112
     1.46702    0.661784  0.00235597
     1.47164    0.696133  0.00318963
     1.47625    0.730316  0.00326558
     1.48086     0.76176  0.00314282
     1.48548    0.798309  0.00313882
     1.49009    0.824286  0.00324268
      1.4947    0.848872  0.00502118
     1.49932    0.875762   0.0035091
     1.50393    0.893979  0.00332883
     1.50854    0.911899  0.00504638
     1.51316    0.930647  0.00386387
     1.51777    0.943194  0.00404018
     1.52238     0.95264  0.00393691
       1.527     0.95778  0.00413936
     1.53161    0.957525  0.00437802
     1.53622    0.956528  0.00520009
     1.54084    0.951067  0.00380535
     1.54545    0.946986  0.00345438
     1.55006     0.93902  0.00520217
     1.55468    0.921015  0.00511259
     1.55929    0.902348  0.00469154
      1.5639    0.880569  0.00495992
     1.56852    0.855632  0.00392519
     1.57313    0.832735  0.00441992
     1.57774    0.804091  0.00437098
     1.58236    0.774675  0.00424982
     1.58697    0.746164  0.00299027
     1.59158    0.712575  0.00340504
      1.5962     0.67817  0.00336925
     1.60081    0.643083  0.00287566
     1.60542    0.607168  0.00265131
     1.61004    0.574381  0.00211692
     1.61465    0.539706  0.00270026
     1.61926    0.502742  0.00233669
     1.62388     0.47217   0.0024785
     1.62849    0.438246   0.0019539
      1.6331    0.403138  0.00240377
     1.63772    0.371659  0.00262844
     1.64233    0.344531  0.00253795
     1.64694     0.31695  0.00271443
     1.65156    0.294342  0.00250443
     1.65617    0.273493  0.00240216
     1.66078    0.252807  0.00257847
      1.6654    0.236997  0.00281695
     1.67001    0.222132   0.0024773
     1.67462    0.212562  0.00247822
     1.67924    0.203963  0.00175319
     1.68385    0.200367  0.00241362
     1.68846    0.196361  0.00263114
     1.69308    0.195803  0.00281119
     1.69769    0.198497  0.00277234
      1.7023    0.209708  0.00300596
     1.70692    0.222894  0.00300777
     1.71153    0.239051     0.00294
     1.71614    0.262246  0.00299425
     1.72076     0.28856   0.0027605
     1.72537     0.32095  0.00251566
     1.72998    0.358057  0.00260353
      1.7346      0.3988  0.00274999
     1.73921    0.443434  0.00311325
     1.74382    0.494672  0.00390151
     1.74844    0.555175  0.00357362
     1.75305    0.615619  0.00360388
     1.75766    0.682873  0.00332626
     1.76228     0.75795   0.0033675
     1.76689    0.839267  0.00335698
      1.7715    0.924123  0.00364599
     1.77612     1.00869  0.00289233
     1.78073      1.1054  0.00347376
     1.78534     1.20541  0.00301391
     1.78995     1.31131   0.0026454
     1.79457     1.41308  0.00350684
     1.79918     1.51427   0.0030202
     1.80379     1.62108    0.003161
     1.80841     1.72686  0.00304498
     1.81302     1.83556  0.00378822
     1.81763     1.94131  0.00483335
     1.82225     2.03848  0.00458177
     1.82686     2.13684  0.00543486
     1.83147     2.22221  0.00632545
     1.83609     2.30731  0.00462747
      1.8407     2.39283  0.00499472
     1.84531     2.46749  0.00498927
     1.84993     2.53246  0.00615027
     1.85454     2.58283  0.00743903
     1.85915     2.62033  0.00638903
     1.86377     2.65813  0.00554496
     1.86838     2.68099  0.00408221
     1.87299     2.69051  0.00548122
     1.87761     2.69589  0.00573924
     1.88222     2.68545  0.00588501
     1.88683     2.65756  0.00619529
     1.89145     2.62953  0.00567601
     1.89606     2.58935  0.00630609
     1.90067     2.53911  0.00518481
     1.90529     2.48072  0.00417187
      1.9099     2.41255  0.00475792
     1.91451       2.337  0.00389404
     1.91913     2.25993  0.00444577
     1.92374     2.17097  0.00505346
     1.92835     2.07567  0.00541507
     1.93297     1.98513  0.00495776
     1.93758      1.8886  0.00387871
     1.94219     1.78586  0.00382126
     1.94681     1.68863  0.00441041
     1.95142     1.59384  0.00386366
     1.95603     1.49355   0.0035697
     1.96065     1.39744  0.00341354
     1.96526     1.30673  0.00267218
     1.96987     1.21032   0.0029995
     1.97449     1.11996   0.0020998
      1.9791     1.03849  0.00227389
     1.98371    0.959457  0.00172081
     1.98833     0.88299  0.00212665
     1.99294    0.812736  0.00265493
     1.99755    0.749861   0.0029071
     2.00217    0.689652  0.00174359
     2.00678    0.636666  0.00185476
     2.01139     0.59316   0.0024449
     2.01601    0.555612  0.00289131
     2.02062    0.519372  0.00261406
     2.02523    0.493257   0.0030808
     2.02985     0.47095  0.00323813
     2.03446    0.454422  0.00303998
     2.03907    0.443845  0.00319342
     2.04369    0.437919  0.00289186
      2.0483    0.439646  0.00281447
     2.05291    0.445706  0.00298001
     2.05753    0.456766  0.00308752
     2.06214    0.472469  0.00343704
     2.06675    0.487292  0.00309104
     2.07137     0.51072  0.00263996
     2.07598    0.535729  0.00276448
     2.08059    0.564626  0.00324679
     2.08521    0.596658  0.00333257
     2.08982    0.626576  0.00271599
     2.09443    0.657032  0.00231456
     2.09905    0.689492   0.0024778
     2.10366    0.724465  0.00195505
     2.10827    0.761111  0.00204538
     2.11288    0.793969  0.00239514
      2.1175    0.823536  0.00228191
     2.12211    0.855114  0.00182633
     2.12672    0.881028  0.00182618
     2.13134    0.910458  0.00249069
     2.13595    0.932601  0.00244002
     2.14056    0.958463  0.00243594
     2.14518    0.973218  0.00238156
     2.14979    0.987511  0.00325461
      2.1544    0.999204  0.00288623
     2.15902     1.00317  0.00241406
     2.16363     1.00504  0.00290694
     2.16824        1.01  0.00323838
     2.17286     1.00546   0.0025916
     2.17747    0.998056  0.00256709
     2.18208    0.988527  0.00243645
      2.1867    0.976345   0.0024258
     2.19131    0.955475  0.00268637
     2.19592    0.937273   0.0025303
     2.20054    0.920928  0.00240091
     2.20515    0.898109  0.00197216
     2.20976    0.873211  0.00210046
     2.21438    0.848974  0.00217577
     2.21899    0.823047  0.00202213
      2.2236    0.794042  0.00235261
     2.22822    0.767218  0.00203384
     2.23283    0.738148  0.00266719
     2.23744    0.710493  0.00265059
     2.24206    0.687327  0.00246414
     2.24667    0.662144  0.00260627
     2.25128    0.639724  0.00240011
      2.2559    0.622148  0.00273725
     2.26051    0.603343  0.00282965
     2.26512    0.590375  0.00371223
     2.26974    0.576608  0.00348535
     2.27435    0.570015  0.00417946
     2.27896    0.569979  0.00414288
     2.28358    0.569773  0.00428868
     2.28819    0.574457  0.00420928
      2.2928    0.581676  0.00410101
     2.29742    0.593504  0.00430163
     2.30203    0.611156  0.00410197
