           1     1.76776     1.76776           0
           2     1.76741     1.76758 0.000124328
           3      1.7671     1.76742 0.000155811
           4     1.76674     1.76725 0.000188057
           5      1.7663     1.76706 0.000226409
           6     1.76601     1.76689 0.000247389
           7     1.76568     1.76671 0.000265043
           8     1.76491     1.76649  0.00031382
           9     1.76404     1.76622 0.000379076
          10     1.76378     1.76597  0.00041195
          11     1.76316     1.76572 0.000446835
          12     1.76264     1.76546 0.000477461
          13     1.76211      1.7652 0.000505537
          14     1.76152     1.76494 0.000533345
          15     1.76097     1.76468 0.000559642
          16     1.76055     1.76442 0.000580925
          17     1.76006     1.76416 0.000600744
          18     1.75992     1.76393 0.000611821
          19     1.75912     1.76367 0.000629813
          20      1.7577     1.76337 0.000665396
          21     1.75715     1.76308 0.000696592
          22     1.75651     1.76278 0.000726162
          23     1.75648      1.7625 0.000744499
          24     1.75555     1.76221 0.000767799
          25     1.75471     1.76191 0.000793668
          26     1.75307     1.76157  0.00083287
          27     1.75218     1.76123 0.000871734
          28     1.75198      1.7609 0.000900964
          29     1.75131     1.76057 0.000928573
          30     1.74933     1.76019  0.00097019
          31     1.74912     1.75983  0.00100251
          32     1.74868     1.75949  0.00103002
          33     1.74681      1.7591  0.00106798
          34     1.74302     1.75863  0.00113649
          35     1.74074     1.75812  0.00121357
          36     1.73684     1.75753  0.00131596
          37     1.73656     1.75696  0.00139712
          38     1.73708     1.75644  0.00145503
          39     1.73413     1.75586  0.00152599
          40     1.73144     1.75525  0.00160536
          41     1.73003     1.75464  0.00167997
          42     1.72638     1.75397   0.0017696
          43     1.72447     1.75328  0.00185667
          44     1.72366     1.75261  0.00193263
          45      1.7164      1.7518   0.0020503
          46     1.71671     1.75104  0.00214296
          47     1.71891     1.75035  0.00220373
          48      1.7182     1.74969  0.00225733
          49     1.72039     1.74909  0.00228905
          50     1.71917     1.74849  0.00232017
          51     1.71744     1.74788  0.00235322
          52     1.71636     1.74727  0.00238474
          53     1.71436     1.74665  0.00241924
          54     1.71086     1.74599  0.00246358
          55     1.71297     1.74539  0.00249087
          56     1.71132     1.74478  0.00251959
          57     1.71533     1.74426  0.00252779
          58     1.71323     1.74373  0.00254023
          59     1.71689     1.74327  0.00253758
          60     1.71702     1.74284  0.00253275
          61     1.71134     1.74232  0.00254332
          62     1.71085     1.74181  0.00255244
          63     1.71349     1.74136  0.00255122
          64     1.71505     1.74095  0.00254428
          65     1.71018     1.74048  0.00254879
          66     1.71029     1.74002  0.00255089
          67     1.70731     1.73953  0.00255912
          68     1.71248     1.73914  0.00255223
          69     1.70601     1.73866     0.00256
          70     1.70737     1.73821  0.00256215
          71       1.707     1.73777   0.0025635
          72     1.70891     1.73737  0.00255903
          73     1.70758     1.73696  0.00255629
          74     1.70335     1.73651  0.00256177
          75     1.70112     1.73603   0.0025707
          76     1.69624     1.73551  0.00258966
          77     1.68794     1.73489  0.00262867
          78     1.68623     1.73427  0.00266797
          79     1.68283     1.73362  0.00271248
          80     1.67297     1.73286  0.00278248
          81     1.66947     1.73208  0.00285605
          82     1.66817      1.7313  0.00292563
          83     1.66532      1.7305  0.00299641
          84     1.65993     1.72966  0.00307626
          85     1.66003     1.72884  0.00314724
          86     1.66161     1.72806  0.00320627
          87     1.66366     1.72732  0.00325375
          88     1.66462     1.72661  0.00329386
          89     1.65982     1.72586  0.00334123
          90     1.65872     1.72511  0.00338636
          91     1.66303     1.72443  0.00341718
          92     1.65184     1.72364  0.00346994
          93     1.67259     1.72309  0.00347578
          94     1.65479     1.72237  0.00351394
          95     1.64959      1.7216  0.00355946
          96     1.64027     1.72075  0.00362181
          97     1.62922     1.71981  0.00370537
          98     1.62809     1.71887  0.00378392
          99      1.6211     1.71789  0.00387244
         100     1.61676     1.71687  0.00396356
         101     1.61456     1.71586   0.0040517
         102     1.61863     1.71491   0.0041226
         103     1.61021     1.71389  0.00420601
         104     1.61321     1.71292  0.00427554
         105     1.62153     1.71205  0.00432251
         106      1.6308     1.71129  0.00434917
         107     1.63279     1.71055  0.00436997
         108     1.62468     1.70976  0.00440124
         109     1.61205     1.70886  0.00445121
         110     1.62307     1.70808  0.00447854
         111      1.6149     1.70724  0.00451618
         112     1.61016     1.70637  0.00455829
         113     1.60539     1.70548  0.00460471
         114     1.61075     1.70465  0.00463869
         115     1.60869     1.70382  0.00467281
         116     1.61887     1.70308  0.00468955
         117     1.61851     1.70236  0.00470485
         118     1.62062     1.70167   0.0047157
         119      1.6202     1.70098  0.00472551
         120     1.62292     1.70033  0.00473069
         121     1.62031     1.69967   0.0047376
         122     1.62087     1.69903  0.00474259
         123     1.62312     1.69841  0.00474401
         124     1.63987     1.69794  0.00472919
         125      1.6272     1.69737  0.00472508
         126     1.62795     1.69682   0.0047196
         127     1.62206     1.69623  0.00471901
         128     1.62723     1.69569  0.00471282
         129     1.62306     1.69513   0.0047098
         130      1.6193     1.69455  0.00470955
         131     1.62916     1.69405  0.00469998
         132     1.62344     1.69351  0.00469471
         133     1.62968     1.69303  0.00468388
         134      1.6283     1.69255  0.00467377
         135     1.63577     1.69213  0.00465804
         136     1.63546     1.69171  0.00464239
         137     1.63145     1.69127  0.00462929
         138     1.62408     1.69078  0.00462128
         139     1.62257     1.69029  0.00461401
         140     1.61027     1.68972  0.00461633
         141     1.59653     1.68906  0.00463066
         142     1.60598     1.68848  0.00463487
         143     1.61011     1.68793  0.00463474
         144     1.60055     1.68732   0.0046421
         145     1.62151     1.68687  0.00463222
         146     1.62595     1.68645  0.00461925
         147     1.61424     1.68596  0.00461387
         148     1.62491     1.68555   0.0046011
         149     1.62261     1.68512  0.00458956
         150     1.62561     1.68473  0.00457609
         151     1.62335     1.68432   0.0045638
         152     1.60178     1.68378  0.00456597
         153     1.60848     1.68329  0.00456257
         154     1.60795      1.6828  0.00455909
         155     1.62839     1.68245  0.00454317
         156     1.61631     1.68202  0.00453378
         157     1.60499     1.68153  0.00453138
         158     1.60315     1.68103  0.00452977
         159     1.60501     1.68056  0.00452645
         160     1.60416     1.68008  0.00452327
         161     1.60433     1.67961  0.00451958
         162     1.60357     1.67914  0.00451599
         163       1.593     1.67861   0.0045191
         164     1.59281     1.67809  0.00452172
         165     1.60248     1.67763  0.00451748
         166     1.58591     1.67708  0.00452393
         167     1.58901     1.67655  0.00452747
         168     1.58247     1.67599  0.00453502
         169     1.57387     1.67539  0.00454826
         170     1.58033     1.67483  0.00455575
         171     1.57371     1.67423  0.00456732
         172     1.58472     1.67371  0.00457032
         173      1.5866     1.67321  0.00457156
         174      1.5864     1.67271  0.00457243
         175     1.60478     1.67232  0.00456275
         176     1.59158     1.67187  0.00455983
         177     1.57912     1.67134  0.00456408
         178     1.57094     1.67078  0.00457315
         179     1.57736     1.67026  0.00457728
         180     1.59146     1.66982  0.00457274
         181     1.56453     1.66924  0.00458432
         182     1.56892     1.66868  0.00459215
         183     1.57215     1.66816  0.00459726
         184     1.56525      1.6676  0.00460617
         185     1.55629       1.667  0.00462039
         186     1.56513     1.66645   0.0046279
         187     1.57526     1.66596  0.00462877
         188     1.58199     1.66551  0.00462565
         189     1.58169     1.66507  0.00462239
         190     1.57041     1.66457  0.00462483
         191     1.58036     1.66413  0.00462158
         192      1.5568     1.66357   0.0046312
         193     1.53978     1.66293  0.00465141
         194     1.54144      1.6623   0.0046694
         195     1.54573     1.66171  0.00468356
         196     1.53255     1.66105   0.0047058
         197     1.53561     1.66041  0.00472479
         198     1.54539     1.65983  0.00473651
         199     1.57194     1.65939  0.00473326
         200     1.53399     1.65876  0.00475093
         201     1.52078     1.65808  0.00477664
         202     1.54129      1.6575  0.00478785
         203      1.5368      1.6569  0.00480104
         204      1.5618     1.65644  0.00480009
         205     1.54121     1.65587  0.00480947
         206     1.54088     1.65532  0.00481841
         207     1.53781     1.65475  0.00482845
         208     1.54611     1.65423  0.00483341
         209     1.54103     1.65368  0.00484053
         210     1.54183     1.65315   0.0048467
         211     1.54662     1.65265  0.00484995
         212     1.52294     1.65204  0.00486552
         213     1.53659     1.65149  0.00487277
         214     1.56984     1.65111  0.00486491
         215     1.54034      1.6506  0.00486949
         216     1.55976     1.65018  0.00486507
         217     1.52632     1.64961  0.00487602
         218     1.52063     1.64901  0.00488941
         219     1.51393      1.6484  0.00490584
         220     1.51444     1.64779  0.00492118
         221     1.51821      1.6472  0.00493371
         222     1.51366      1.6466  0.00494802
         223     1.51388       1.646   0.0049615
         224     1.51781     1.64543  0.00497225
         225     1.52596      1.6449  0.00497842
         226     1.51665     1.64433  0.00498863
         227     1.53421     1.64385  0.00499018
         228     1.52694     1.64334  0.00499457
         229     1.52178     1.64281  0.00500089
         230     1.52015     1.64227   0.0050075
         231     1.53531     1.64181  0.00500718
         232     1.56989      1.6415  0.00499518
         233     1.52568       1.641  0.00499841
         234     1.52169     1.64049  0.00500299
         235     1.51316     1.63995  0.00501096
         236     1.51282     1.63941  0.00501859
         237     1.51749      1.6389  0.00502372
         238     1.51106     1.63836  0.00503124
         239     1.51756     1.63785  0.00503552
         240     1.51632     1.63735  0.00503993
         241     1.54493     1.63696  0.00503359
         242     1.53976     1.63656  0.00502879
         243     1.52473      1.6361  0.00502911
         244     1.51377      1.6356  0.00503343
         245     1.51756     1.63512  0.00503589
         246     1.51719     1.63464  0.00503818
         247     1.51665     1.63416  0.00504038
         248     1.53024     1.63374  0.00503745
         249     1.54591     1.63339  0.00502955
         250     1.55333     1.63307  0.00501962
         251     1.58845     1.63289  0.00500277
         252     1.57447     1.63266  0.00498828
         253     1.59438     1.63251  0.00497086
         254     1.54543     1.63217   0.0049631
         255     1.54573     1.63183   0.0049552
         256     1.59226     1.63167  0.00493825
         257     1.55228     1.63136  0.00492869
         258     1.54502     1.63103  0.00492093
         259     1.54503      1.6307  0.00491313
         260     1.53372     1.63032  0.00490837
         261     1.53479     1.62996  0.00490319
         262     1.55378     1.62967  0.00489309
         263     1.54537     1.62935  0.00488497
         264     1.53478     1.62899  0.00487958
         265     1.52936     1.62861  0.00487563
         266     1.53968     1.62828  0.00486875
         267     1.54297     1.62796  0.00486099
         268     1.52892     1.62759  0.00485688
         269     1.52781     1.62722  0.00485296
         270     1.55033     1.62693  0.00484334
         271     1.55191     1.62666  0.00483337
         272     1.54332     1.62635   0.0048253
         273      1.5443     1.62605  0.00481698
         274     1.55092     1.62578   0.0048072
         275     1.54986      1.6255  0.00479764
         276     1.54936     1.62522  0.00478818
         277      1.5453     1.62494  0.00477958
         278     1.53965     1.62463  0.00477222
         279     1.54628     1.62435  0.00476337
         280      1.5464     1.62407  0.00475449
         281     1.54375     1.62378  0.00474615
         282     1.54288      1.6235  0.00473798
         283     1.55865     1.62327  0.00472678
         284     1.54932     1.62301   0.0047173
         285     1.55473     1.62277  0.00470683
         286     1.55736     1.62254  0.00469593
         287     1.56445     1.62234  0.00468392
         288     1.57205     1.62216  0.00467091
         289     1.56822     1.62198  0.00465848
         290     1.55834     1.62176  0.00464758
         291     1.55857     1.62154  0.00463668
         292     1.56413     1.62134  0.00462496
         293      1.5776     1.62119  0.00461159
         294     1.57451     1.62103  0.00459864
         295     1.57154     1.62087  0.00458611
         296     1.57743     1.62072  0.00457296
         297     1.57092     1.62055  0.00456063
         298     1.56788     1.62038  0.00454875
         299     1.58014     1.62024  0.00453553
         300     1.58435     1.62012  0.00452199
         301     1.58011     1.61999  0.00450892
         302     1.58852     1.61988  0.00449519
         303     1.60401     1.61983  0.00448066
         304     1.61739     1.61982  0.00446593
         305     1.63305     1.61987   0.0044515
         306     1.61083     1.61984  0.00443705
         307     1.60466     1.61979  0.00442287
         308     1.58677     1.61968  0.00440981
         309     1.58534     1.61957  0.00439694
         310     1.58406     1.61946  0.00438425
         311     1.59136     1.61936  0.00437108
         312     1.57439     1.61922  0.00435945
         313      1.5798     1.61909  0.00434734
         314     1.59497     1.61902  0.00433417
         315      1.5681     1.61886  0.00432343
         316     1.55025     1.61864  0.00431519
         317      1.5548     1.61844  0.00430628
         318     1.55331     1.61823   0.0042976
         319      1.5555     1.61804  0.00428863
         320     1.55707     1.61785  0.00427946
         321      1.5544     1.61765  0.00427069
         322     1.55045     1.61744  0.00426252
         323     1.55167     1.61724  0.00425418
         324     1.54831     1.61702  0.00424637
         325     1.54526      1.6168  0.00423904
         326     1.54006     1.61657  0.00423257
         327     1.54036     1.61633  0.00422604
         328     1.53821      1.6161  0.00421986
         329     1.54271     1.61587  0.00421292
         330     1.55061     1.61567   0.0042048
         331     1.53221     1.61542  0.00419965
         332     1.55164     1.61523  0.00419139
         333      1.5593     1.61506  0.00418216
         334     1.55411     1.61488  0.00417362
         335     1.54846     1.61468  0.00416587
         336     1.54475     1.61447  0.00415867
         337     1.53238     1.61423  0.00415346
         338     1.52004     1.61395  0.00415051
         339      1.5142     1.61366  0.00414868
         340     1.51559     1.61337  0.00414649
         341     1.54777     1.61318  0.00413879
         342     1.54963     1.61299  0.00413086
         343     1.53083     1.61275  0.00412575
         344     1.53852     1.61254   0.0041194
         345     1.52008     1.61227  0.00411617
         346      1.5165     1.61199  0.00411357
         347     1.51957     1.61172  0.00411032
         348     1.50483     1.61142  0.00410997
         349     1.50451     1.61111   0.0041096
         350     1.50913     1.61082  0.00410817
         351     1.50964     1.61053  0.00410657
         352     1.53419     1.61031  0.00410063
         353     1.51761     1.61005  0.00409741
         354     1.52746     1.60982  0.00409247
         355     1.52198     1.60957  0.00408842
         356     1.52504     1.60933  0.00408382
         357     1.52279     1.60909  0.00407957
         358     1.52554     1.60886  0.00407485
         359     1.52549     1.60863  0.00407011
         360     1.53523     1.60842  0.00406391
         361     1.53501     1.60822  0.00405774
         362      1.5376     1.60802  0.00405121
         363     1.53925     1.60783  0.00404448
         364     1.57147     1.60773   0.0040346
         365     1.56024      1.6076  0.00402565
         366     1.55054     1.60745  0.00401767
         367     1.55496      1.6073  0.00400926
         368     1.55843     1.60717  0.00400057
         369     1.53753     1.60698  0.00399417
         370     1.52731     1.60677  0.00398918
         371     1.52303     1.60654  0.00398481
         372     1.52074     1.60631  0.00398077
         373     1.53506     1.60612  0.00397467
         374     1.53241     1.60592  0.00396893
         375     1.52855     1.60572   0.0039637
         376     1.51316     1.60547   0.0039608
         377     1.51687     1.60524  0.00395726
         378     1.53572     1.60505  0.00395106
         379     1.53635     1.60487  0.00394479
         380     1.56778     1.60477  0.00393562
         381     1.55314     1.60464  0.00392762
         382      1.5298     1.60444  0.00392222
         383     1.52206     1.60423  0.00391788
         384     1.50901     1.60398  0.00391551
         385     1.51372     1.60374  0.00391235
         386     1.52416     1.60354  0.00390765
         387     1.51485     1.60331  0.00390426
         388     1.51989     1.60309  0.00390011
         389      1.5231     1.60289  0.00389551
         390     1.54117     1.60273  0.00388873
         391     1.54707     1.60259  0.00388139
         392     1.53047      1.6024  0.00387585
         393     1.54826     1.60227  0.00386843
         394     1.54898     1.60213  0.00386098
         395     1.54161     1.60198  0.00385424
         396     1.52997      1.6018   0.0038488
         397     1.52862     1.60161  0.00384351
         398     1.52508     1.60142  0.00383866
         399     1.51236      1.6012  0.00383552
         400     1.52488       1.601  0.00383068
         401     1.52275     1.60081  0.00382609
         402     1.52731     1.60063  0.00382094
         403     1.52455     1.60044  0.00381612
         404     1.52552     1.60025  0.00381118
         405     1.52036     1.60006  0.00380687
         406     1.52165     1.59986  0.00380239
         407     1.51246     1.59965   0.0037991
         408     1.52008     1.59945  0.00379479
         409     1.51522     1.59925   0.0037911
         410     1.51168     1.59903  0.00378786
         411     1.52519     1.59885  0.00378291
         412     1.52598     1.59868  0.00377786
         413     1.52356     1.59849  0.00377309
         414     1.53691     1.59835   0.0037669
         415     1.54588     1.59822  0.00375995
         416     1.53632     1.59807  0.00375385
         417     1.53944     1.59793  0.00374748
         418     1.53691     1.59778  0.00374136
         419     1.54577     1.59766  0.00373449
         420     1.55441     1.59756  0.00372702
         421     1.55843     1.59746  0.00371932
         422     1.54334     1.59734  0.00371272
         423     1.54769     1.59722   0.0037058
         424        1.55     1.59711  0.00369873
         425     1.53041     1.59695  0.00369335
         426     1.52897     1.59679  0.00368813
         427     1.54536     1.59667  0.00368146
         428     1.54144     1.59654  0.00367512
         429     1.53353     1.59639  0.00366948
         430     1.51856     1.59621  0.00366541
         431     1.53542     1.59607  0.00365962
         432     1.52556     1.59591  0.00365479
         433     1.53844     1.59578  0.00364876
         434     1.53697     1.59564  0.00364286
         435     1.52067     1.59547  0.00363856
         436     1.52017      1.5953  0.00363431
         437     1.50901      1.5951  0.00363136
         438     1.51122     1.59491  0.00362811
         439     1.52289     1.59474  0.00362356
         440     1.52282     1.59458  0.00361901
         441     1.50272     1.59437  0.00361679
         442     1.50229     1.59416   0.0036146
         443     1.49529     1.59394  0.00361332
         444     1.48565      1.5937  0.00361341
         445     1.49353     1.59347  0.00361229
         446     1.48212     1.59322  0.00361281
         447     1.48618     1.59298  0.00361266
         448     1.49243     1.59276  0.00361156
         449     1.49018     1.59253  0.00361073
         450     1.49694     1.59232  0.00360895
         451     1.49411      1.5921  0.00360751
         452      1.4879     1.59187  0.00360689
         453     1.51021     1.59169  0.00360343
         454     1.49314     1.59147  0.00360202
         455     1.48812     1.59124  0.00360126
         456     1.48247       1.591  0.00360126
         457     1.48539     1.59077  0.00360078
         458     1.47033     1.59051  0.00360251
         459     1.48834     1.59029  0.00360154
         460     1.48841     1.59007  0.00360051
         461      1.4892     1.58985  0.00359934
         462     1.49154     1.58963  0.00359783
         463     1.46175     1.58936  0.00360065
         464     1.45748     1.58907  0.00360409
         465     1.45824     1.58879   0.0036073
         466     1.45111      1.5885  0.00361164
         467     1.45543     1.58821  0.00361513
         468     1.46142     1.58794  0.00361754
         469     1.47221     1.58769  0.00361824
         470     1.47684     1.58746  0.00361822
         471     1.48613     1.58724  0.00361693
         472     1.48851     1.58703  0.00361531
         473     1.47991     1.58681  0.00361475
         474     1.47673     1.58658  0.00361458
         475      1.4709     1.58633  0.00361516
         476     1.48945     1.58613  0.00361329
         477     1.49336     1.58593  0.00361095
         478     1.49088     1.58574  0.00360886
         479     1.46136     1.58548  0.00361066
         480     1.47719     1.58525  0.00361018
         481     1.46038     1.58499  0.00361199
         482     1.49182      1.5848  0.00360967
         483     1.46549     1.58455  0.00361064
         484     1.47052     1.58431  0.00361086
         485     1.45807     1.58405  0.00361278
         486     1.45258     1.58378  0.00361546
         487      1.4476      1.5835  0.00361884
         488     1.44883     1.58323  0.00362193
         489     1.45289     1.58296  0.00362432
         490     1.46287     1.58272   0.0036252
         491     1.47619      1.5825   0.0036243
         492      1.4651     1.58226  0.00362478
         493     1.45659     1.58201  0.00362638
         494     1.46587     1.58177  0.00362665
         495     1.46754     1.58154  0.00362666
         496      1.4872     1.58135  0.00362433
         497     1.47604     1.58114  0.00362323
         498     1.48554     1.58095  0.00362103
         499     1.48801     1.58076  0.00361856
         500     1.48347     1.58057  0.00361655
         501      1.4958      1.5804  0.00361329
         502     1.49562     1.58023  0.00361004
         503     1.50467     1.58008  0.00360598
         504     1.52386     1.57997  0.00360055
         505     1.51935     1.57985  0.00359543
         506     1.50926     1.57971  0.00359102
         507     1.50027     1.57955  0.00358736
         508     1.48168     1.57936  0.00358547
         509     1.49245     1.57919  0.00358248
         510     1.49005     1.57901  0.00357972
         511     1.50648     1.57887  0.00357553
         512      1.5101     1.57874  0.00357107
         513     1.49128     1.57856  0.00356817
         514     1.49196      1.5784  0.00356521
         515     1.49898     1.57824  0.00356162
         516      1.4686     1.57803  0.00356105
         517     1.46503     1.57781  0.00356086
         518     1.45705     1.57758  0.00356161
         519     1.45275     1.57734  0.00356286
         520     1.47193     1.57713  0.00356177
         521     1.46466     1.57692  0.00356147
         522     1.46892     1.57671  0.00356065
         523      1.4889     1.57654   0.0035578
         524     1.47552     1.57635  0.00355623
         525     1.47241     1.57615  0.00355496
         526     1.50421     1.57602  0.00355083
         527     1.49525     1.57586   0.0035474
         528     1.46682     1.57566  0.00354669
         529     1.47937     1.57547  0.00354465
         530     1.47109     1.57528  0.00354343
         531     1.47027     1.57508  0.00354227
         532     1.49189     1.57492  0.00353906
         533     1.47616     1.57474  0.00353727
         534     1.47085     1.57454  0.00353599
         535     1.44649      1.5743  0.00353748
         536     1.45925     1.57409  0.00353738
         537     1.48063     1.57392  0.00353507
         538     1.46913     1.57372  0.00353386
         539     1.46182     1.57351   0.0035334
         540     1.47317     1.57333  0.00353174
         541     1.46772     1.57313   0.0035306
         542       1.451     1.57291  0.00353127
         543     1.46811     1.57271  0.00353004
         544     1.47002     1.57253  0.00352859
         545     1.48022     1.57236  0.00352618
         546     1.45646     1.57214  0.00352611
         547     1.44852     1.57192   0.0035269
         548     1.48194     1.57175  0.00352428
         549     1.47914     1.57158  0.00352189
         550     1.46487     1.57139  0.00352083
         551     1.45744     1.57118  0.00352051
         552     1.47576     1.57101  0.00351837
         553     1.46449     1.57082  0.00351728
         554      1.4568     1.57061  0.00351695
         555     1.46609     1.57042  0.00351565
         556     1.46251     1.57023  0.00351468
         557     1.47667     1.57006  0.00351238
         558     1.47921      1.5699  0.00350986
         559     1.45074     1.56969  0.00351005
         560     1.45286     1.56948  0.00350997
         561     1.46035     1.56928   0.0035091
         562      1.4502     1.56907  0.00350925
         563     1.46033     1.56888  0.00350833
         564     1.46753      1.5687  0.00350671
         565     1.49295     1.56856  0.00350306
         566     1.47213     1.56839  0.00350101
         567     1.47686     1.56823  0.00349856
         568       1.481     1.56808  0.00349577
         569     1.47487     1.56791  0.00349346
         570     1.47413     1.56775   0.0034912
         571     1.46371     1.56757  0.00348984
         572     1.47914     1.56741  0.00348716
         573     1.47794     1.56726  0.00348457
         574     1.49494     1.56713  0.00348078
         575     1.45856     1.56694  0.00347984
         576     1.46446     1.56676  0.00347835
         577     1.47268      1.5666  0.00347614
         578     1.45863     1.56641  0.00347514
         579     1.45439     1.56622  0.00347452
         580     1.44956     1.56602  0.00347434
         581     1.46632     1.56585   0.0034726
         582     1.46453     1.56567  0.00347099
         583     1.45934     1.56549  0.00346983
         584     1.48164     1.56535  0.00346686
         585     1.48975     1.56522  0.00346334
         586      1.4634     1.56505  0.00346179
         587     1.45875     1.56486  0.00346062
         588     1.48422     1.56473  0.00345745
         589     1.46496     1.56456  0.00345573
         590     1.44273     1.56435  0.00345603
         591     1.46391     1.56418  0.00345436
         592     1.44106     1.56397  0.00345478
         593     1.44065     1.56377  0.00345521
         594     1.43362     1.56355  0.00345633
         595      1.4362     1.56333  0.00345715
         596     1.42376      1.5631  0.00345927
         597     1.41786     1.56285  0.00346202
         598     1.44306     1.56265  0.00346202
         599     1.44844     1.56246  0.00346149
         600     1.45116     1.56228  0.00346068
         601     1.44263     1.56208  0.00346065
         602     1.42835     1.56186  0.00346202
         603     1.43187     1.56164  0.00346298
         604     1.42339     1.56141  0.00346481
         605     1.42419     1.56119   0.0034665
         606     1.43083     1.56097  0.00346744
         607     1.44174     1.56077  0.00346729
         608     1.43234     1.56056  0.00346802
         609      1.4303     1.56035  0.00346891
         610     1.45186     1.56017  0.00346778
         611     1.46394     1.56001  0.00346568
         612     1.45557     1.55984  0.00346422
         613     1.44699     1.55966  0.00346345
         614     1.44779     1.55948   0.0034626
         615     1.44748     1.55929  0.00346176
         616     1.45395     1.55912  0.00346036
         617     1.44284     1.55894  0.00345988
         618     1.45191     1.55876  0.00345861
         619     1.46616     1.55861  0.00345626
         620     1.51595     1.55854  0.00345137
         621      1.4929     1.55844  0.00344743
         622     1.45039     1.55826  0.00344626
         623     1.45556      1.5581  0.00344467
         624     1.42501     1.55789  0.00344575
         625     1.41884     1.55766  0.00344741
         626     1.43231     1.55746  0.00344771
         627     1.40785     1.55722  0.00345046
         628     1.43326     1.55703  0.00345061
         629     1.45991     1.55687  0.00344858
         630     1.47708     1.55675  0.00344543
         631     1.49204     1.55664  0.00344149
         632     1.46595      1.5565  0.00343904
         633     1.46405     1.55635   0.0034367
         634     1.46852     1.55622  0.00343408
         635      1.4549     1.55606  0.00343237
         636     1.46548     1.55591  0.00342993
         637     1.47714     1.55579  0.00342677
         638     1.48766     1.55568  0.00342306
         639     1.48463     1.55557  0.00341951
         640      1.4697     1.55544   0.0034168
         641     1.48697     1.55533  0.00341314
         642     1.46642     1.55519  0.00341063
         643     1.46572     1.55505  0.00340817
         644     1.46305     1.55491  0.00340587
         645     1.46088     1.55476   0.0034037
         646     1.49859     1.55468  0.00339955
         647      1.4564     1.55453  0.00339768
         648      1.4511     1.55437  0.00339619
         649     1.45566     1.55421  0.00339436
         650     1.44902     1.55405  0.00339299
         651     1.47788     1.55394   0.0033898
         652     1.44003     1.55376   0.0033891
         653     1.43541     1.55358  0.00338875
         654     1.43985     1.55341  0.00338803
         655     1.46215     1.55327  0.00338572
         656     1.45166     1.55311   0.0033841
         657     1.44345     1.55294  0.00338306
         658     1.44445     1.55278  0.00338193
         659     1.43038     1.55259   0.0033819
         660     1.43243     1.55241  0.00338167
         661     1.44231     1.55225  0.00338065
         662     1.45023     1.55209  0.00337906
         663     1.45162     1.55194  0.00337736
         664     1.44425     1.55178  0.00337616
         665     1.43709      1.5516  0.00337549
         666      1.4385     1.55144  0.00337469
         667     1.46522     1.55131  0.00337211
         668     1.43162     1.55113  0.00337181
         669     1.42522     1.55094  0.00337202
         670     1.41596     1.55074    0.003373
         671      1.4118     1.55053  0.00337432
         672     1.40279     1.55031  0.00337646
         673     1.41423     1.55011  0.00337749
         674     1.42075     1.54992  0.00337793
         675     1.45154     1.54977  0.00337607
         676     1.45194     1.54963  0.00337417
         677     1.47647     1.54952  0.00337092
         678      1.4932     1.54943  0.00336697
         679      1.4703     1.54932  0.00336403
         680     1.45319     1.54918  0.00336205
         681     1.44158     1.54902  0.00336082
         682     1.46603      1.5489   0.0033581
         683      1.4509     1.54875  0.00335624
         684     1.44269      1.5486  0.00335492
         685     1.44929     1.54845  0.00335315
         686     1.45776     1.54832  0.00335087
         687     1.46949     1.54821  0.00334795
         688     1.44702     1.54806  0.00334632
         689     1.43063     1.54789   0.0033458
         690     1.41575      1.5477  0.00334642
         691     1.40703     1.54749  0.00334777
         692     1.42871     1.54732  0.00334733
         693      1.4187     1.54714  0.00334764
         694      1.4354     1.54698  0.00334668
         695     1.43418     1.54681   0.0033458
         696     1.41686     1.54663   0.0033462
         697     1.43188     1.54646  0.00334545
         698     1.43132      1.5463  0.00334472
         699     1.43638     1.54614  0.00334363
         700     1.44897       1.546  0.00334173
         701      1.4239     1.54583   0.0033415
         702     1.43109     1.54566  0.00334073
         703     1.45842     1.54554  0.00333829
         704     1.46881     1.54543  0.00333532
         705     1.46316     1.54531  0.00333263
         706     1.45446     1.54518   0.0033304
         707     1.47323     1.54508  0.00332724
         708     1.49461     1.54501  0.00332331
         709     1.50087     1.54495   0.0033192
         710     1.47375     1.54485  0.00331604
         711     1.49508     1.54478  0.00331212
         712     1.44418     1.54464  0.00331048
         713      1.4529     1.54451  0.00330833
         714     1.46372      1.5444  0.00330563
         715     1.46871     1.54429   0.0033027
         716     1.49339     1.54422  0.00329886
         717     1.48201     1.54413   0.0032954
         718     1.49824     1.54407  0.00329143
         719     1.46791     1.54396  0.00328855
         720     1.46791     1.54386  0.00328568
         721     1.48019     1.54377  0.00328231
         722     1.46813     1.54366  0.00327944
         723     1.44207     1.54352  0.00327791
         724     1.43838     1.54338   0.0032766
         725     1.44376     1.54324  0.00327496
         726     1.46181     1.54313  0.00327237
         727     1.41812     1.54296  0.00327238
         728     1.42663      1.5428  0.00327178
         729     1.43068     1.54264  0.00327091
         730     1.44937     1.54252  0.00326892
         731     1.43505     1.54237  0.00326776
         732     1.44435     1.54223  0.00326603
         733     1.43571     1.54209  0.00326481
         734     1.45652     1.54197  0.00326244
         735     1.41109     1.54179  0.00326286
         736     1.41751     1.54163  0.00326279
         737     1.43398     1.54148  0.00326163
         738      1.4258     1.54132  0.00326098
         739     1.40987     1.54114  0.00326141
         740     1.40714     1.54096  0.00326203
         741     1.40756     1.54078  0.00326259
         742     1.42454     1.54063  0.00326195
         743     1.44626      1.5405  0.00326004
         744     1.42162     1.54034  0.00325957
         745     1.42651     1.54019  0.00325877
         746     1.41422     1.54002  0.00325877
         747     1.41309     1.53985  0.00325884
         748     1.41259     1.53968  0.00325892
         749     1.42281     1.53952   0.0032583
         750     1.42904     1.53938  0.00325729
         751     1.40143     1.53919  0.00325812
         752     1.40185     1.53901  0.00325891
         753     1.41588     1.53885  0.00325868
         754     1.41124     1.53868  0.00325875
         755     1.39531     1.53849  0.00325996
         756     1.40387     1.53831  0.00326051
         757     1.40105     1.53813  0.00326124
         758     1.40267     1.53795  0.00326183
         759     1.39419     1.53776  0.00326302
         760     1.39033     1.53756  0.00326449
         761     1.38505     1.53736  0.00326635
         762     1.38539     1.53716  0.00326814
         763     1.41092       1.537  0.00326805
         764     1.41117     1.53683  0.00326792
         765     1.43157      1.5367  0.00326654
         766     1.42405     1.53655  0.00326558
         767     1.39152     1.53636   0.0032668
         768     1.41533      1.5362  0.00326634
         769     1.42634     1.53606  0.00326522
         770      1.4146      1.5359  0.00326478
         771     1.41987     1.53575  0.00326402
         772     1.38235     1.53555  0.00326583
         773     1.39891     1.53538  0.00326639
         774     1.38394     1.53518  0.00326802
         775     1.37893     1.53498  0.00327002
         776     1.38321     1.53478  0.00327165
         777     1.37487     1.53458  0.00327391
         778     1.37108     1.53437  0.00327644
         779     1.39392     1.53419  0.00327719
         780     1.38834       1.534  0.00327831
         781       1.392     1.53382  0.00327916
         782     1.40048     1.53365  0.00327939
         783     1.39561     1.53347  0.00327994
         784     1.41417     1.53332  0.00327928
         785     1.40104     1.53315  0.00327943
         786     1.40421     1.53299  0.00327936
         787     1.42463     1.53285  0.00327808
         788     1.41559      1.5327   0.0032773
         789      1.4175     1.53255   0.0032764
         790     1.42533     1.53242  0.00327506
         791     1.42629     1.53228  0.00327367
         792     1.43834     1.53217  0.00327168
         793      1.4321     1.53204  0.00326999
         794     1.43367     1.53192  0.00326822
         795     1.43834      1.5318  0.00326622
         796     1.44504     1.53169  0.00326394
         797     1.46181      1.5316  0.00326102
         798     1.43506     1.53148  0.00325918
         799     1.45883     1.53139  0.00325637
         800     1.45295     1.53129  0.00325377
         801     1.44393     1.53118  0.00325154
         802     1.43533     1.53106  0.00324968
         803     1.43078     1.53094  0.00324803
         804     1.43637     1.53082  0.00324612
         805     1.44218     1.53071  0.00324395
         806     1.43778      1.5306  0.00324198
         807      1.4308     1.53047  0.00324032
         808     1.45935     1.53038   0.0032375
         809     1.44653     1.53028  0.00323516
         810     1.45519     1.53019  0.00323249
         811     1.44298     1.53008   0.0032303
         812     1.43387     1.52996  0.00322849
         813     1.44076     1.52985  0.00322638
         814     1.43529     1.52974  0.00322451
         815     1.44409     1.52963  0.00322227
         816     1.45902     1.52954  0.00321948
         817     1.45942     1.52946  0.00321668
         818     1.47216     1.52939  0.00321351
         819     1.45814      1.5293  0.00321077
         820     1.47781     1.52924  0.00320746
         821     1.44863     1.52914  0.00320506
         822     1.44364     1.52904  0.00320285
         823     1.44374     1.52893  0.00320063
         824     1.43514     1.52882  0.00319877
         825     1.43876     1.52871  0.00319676
         826     1.43643      1.5286  0.00319484
         827     1.44076     1.52849  0.00319274
         828      1.4488      1.5284  0.00319033
         829     1.45965     1.52831  0.00318756
         830     1.44641     1.52821  0.00318525
         831     1.45326     1.52812  0.00318269
         832     1.44669     1.52803  0.00318037
         833     1.44392     1.52792  0.00317816
         834     1.45077     1.52783  0.00317569
         835     1.46026     1.52775  0.00317292
         836     1.45125     1.52766  0.00317044
         837      1.4288     1.52754  0.00316886
         838     1.43036     1.52743   0.0031672
         839     1.42723     1.52731  0.00316567
         840     1.41821     1.52718  0.00316457
         841     1.42422     1.52705  0.00316317
         842     1.42071     1.52693  0.00316193
         843     1.42806     1.52681  0.00316036
         844     1.42453     1.52669  0.00315894
         845     1.42787     1.52657  0.00315736
         846     1.40389     1.52643  0.00315696
         847     1.41543      1.5263  0.00315595
         848     1.42108     1.52617  0.00315467
         849      1.4089     1.52603  0.00315397
         850     1.41303      1.5259  0.00315306
         851     1.42251     1.52578   0.0031517
         852     1.40352     1.52564  0.00315126
         853      1.4179     1.52551   0.0031501
         854     1.42269     1.52539  0.00314871
         855     1.43678     1.52529  0.00314673
         856     1.45054      1.5252  0.00314427
         857      1.4601     1.52512  0.00314152
         858     1.46886     1.52506  0.00313854
         859     1.45219     1.52497  0.00313603
         860     1.44501     1.52488  0.00313376
         861      1.4323     1.52477  0.00313197
         862     1.44123     1.52467  0.00312983
         863     1.43648     1.52457  0.00312787
         864     1.44026     1.52447  0.00312578
         865     1.44843     1.52439   0.0031234
         866     1.43639     1.52429  0.00312144
         867     1.46796     1.52422  0.00311852
         868      1.4719     1.52416  0.00311551
         869     1.45061     1.52408  0.00311307
         870     1.45222     1.52399  0.00311059
         871     1.45139     1.52391  0.00310814
         872     1.45334     1.52383  0.00310563
         873      1.4584     1.52375  0.00310297
         874     1.45357     1.52367  0.00310046
         875     1.45012     1.52359  0.00309806
         876     1.46149     1.52352  0.00309533
         877     1.45531     1.52344  0.00309278
         878     1.44499     1.52335  0.00309055
         879     1.45657     1.52328  0.00308796
         880     1.45835      1.5232  0.00308534
         881     1.45778     1.52313  0.00308273
         882     1.44073     1.52303  0.00308065
         883      1.4649     1.52297  0.00307786
         884     1.44971     1.52288   0.0030755
         885     1.44675      1.5228  0.00307322
         886     1.43455      1.5227  0.00307137
         887      1.4354      1.5226  0.00306948
         888      1.4332      1.5225  0.00306768
         889     1.46581     1.52244  0.00306489
         890     1.47821     1.52239  0.00306185
         891     1.47734     1.52234  0.00305883
         892     1.45793     1.52226  0.00305625
         893     1.43975     1.52217  0.00305423
         894      1.4128     1.52205  0.00305326
         895     1.43419     1.52195  0.00305142
         896     1.41126     1.52183  0.00305052
         897     1.40921      1.5217   0.0030497
         898     1.42746      1.5216  0.00304811
         899     1.41626     1.52148  0.00304697
         900     1.41755     1.52136  0.00304577
         901     1.42421     1.52126   0.0030443
         902      1.4188     1.52114  0.00304304
         903     1.42083     1.52103   0.0030417
         904     1.42075     1.52092  0.00304036
         905     1.42459     1.52081  0.00303886
         906     1.43859     1.52072  0.00303686
         907     1.45161     1.52065  0.00303447
         908     1.45686     1.52058  0.00303194
         909      1.4423     1.52049  0.00302983
         910     1.48374     1.52045  0.00302677
         911     1.51666     1.52045  0.00302345
         912     1.47362      1.5204  0.00302057
         913     1.45047     1.52032  0.00301823
         914     1.42593     1.52022  0.00301669
         915     1.44713     1.52014  0.00301445
         916     1.43562     1.52004  0.00301257
         917     1.45142     1.51997  0.00301022
         918     1.42825     1.51987   0.0030086
         919     1.42025     1.51976  0.00300728
         920     1.40924     1.51964  0.00300641
         921     1.42304     1.51954  0.00300497
         922     1.43409     1.51944  0.00300314
         923     1.43072     1.51935  0.00300142
         924     1.43619     1.51926  0.00299953
         925     1.41932     1.51915  0.00299823
         926     1.43295     1.51906  0.00299643
         927     1.42382     1.51895  0.00299496
         928      1.4211     1.51885  0.00299359
         929     1.42132     1.51874  0.00299221
         930     1.45342     1.51867  0.00298982
         931     1.45373      1.5186  0.00298742
         932     1.46228     1.51854  0.00298482
         933     1.44578     1.51846  0.00298264
         934      1.4164     1.51835  0.00298145
         935     1.43079     1.51826  0.00297973
         936     1.46706     1.51821  0.00297705
         937     1.43064     1.51811  0.00297534
         938     1.43583     1.51802  0.00297346
         939     1.42554     1.51793  0.00297193
         940     1.42946     1.51783  0.00297025
         941     1.45691     1.51777   0.0029678
         942     1.43767     1.51768  0.00296587
         943      1.4355      1.5176  0.00296401
         944     1.44096     1.51751  0.00296198
         945     1.43592     1.51743   0.0029601
         946     1.45669     1.51736  0.00295767
         947     1.41578     1.51726  0.00295649
         948     1.40615     1.51714  0.00295569
         949     1.43294     1.51705  0.00295391
         950     1.45509     1.51699  0.00295152
         951     1.47531     1.51694  0.00294874
         952     1.42438     1.51684  0.00294725
         953        1.44     1.51676  0.00294526
         954     1.42387     1.51667  0.00294378
         955     1.42354     1.51657  0.00294231
         956       1.439     1.51649  0.00294035
         957     1.44283     1.51641  0.00293829
         958     1.40607      1.5163  0.00293748
         959     1.43831     1.51621  0.00293554
         960     1.41146      1.5161  0.00293451
         961     1.41806       1.516  0.00293323
         962     1.40619     1.51589   0.0029324
         963     1.42704      1.5158   0.0029308
         964     1.41448     1.51569  0.00292965
         965     1.42211     1.51559  0.00292822
         966      1.4567     1.51553  0.00292582
         967     1.43692     1.51545  0.00292392
         968      1.4542     1.51539  0.00292159
         969     1.43504     1.51531  0.00291975
         970     1.43828     1.51523  0.00291782
         971     1.45266     1.51516  0.00291552
         972     1.45174      1.5151  0.00291326
         973     1.43508     1.51501  0.00291142
         974     1.45122     1.51495  0.00290917
         975     1.44345     1.51488  0.00290711
         976     1.43524     1.51479  0.00290528
         977     1.45807     1.51474  0.00290288
         978     1.45639     1.51468  0.00290053
         979     1.46257     1.51462  0.00289805
         980     1.45637     1.51456   0.0028957
         981     1.43759     1.51449  0.00289382
         982     1.45929     1.51443  0.00289141
         983     1.44729     1.51436  0.00288928
         984     1.44113     1.51429   0.0028873
         985     1.43188      1.5142  0.00288558
         986     1.42776     1.51412  0.00288399
         987     1.42085     1.51402  0.00288261
         988      1.4466     1.51395   0.0028805
         989     1.43525     1.51387  0.00287869
         990     1.42169     1.51378  0.00287729
         991     1.44219     1.51371  0.00287529
         992     1.42604     1.51362  0.00287375
         993     1.43649     1.51354  0.00287191
         994     1.44877     1.51348  0.00286976
         995     1.43914      1.5134  0.00286784
         996     1.45282     1.51334  0.00286561
         997     1.44718     1.51327   0.0028635
         998     1.44325      1.5132  0.00286149
         999     1.44304     1.51313  0.00285949
        1000     1.45553     1.51308  0.00285721
