           1  -0.0322422  -0.0322422           0
           2  -0.0325939   -0.032418 0.000124328
           3  -0.0329028  -0.0325796 0.000155811
           4  -0.0332602  -0.0327498 0.000188057
           5  -0.0336956  -0.0329389 0.000226409
           6  -0.0339906  -0.0331142 0.000247389
           7  -0.0343165   -0.033286 0.000265043
           8  -0.0350941   -0.033512  0.00031382
           9  -0.0359622  -0.0337842 0.000379076
          10   -0.036218  -0.0340276  0.00041195
          11  -0.0368397  -0.0342833 0.000446835
          12  -0.0373584  -0.0345395 0.000477461
          13  -0.0378902  -0.0347973 0.000505537
          14  -0.0384754    -0.03506 0.000533345
          15  -0.0390308  -0.0353247 0.000559642
          16   -0.039446  -0.0355823 0.000580925
          17  -0.0399439  -0.0358389 0.000600744
          18  -0.0400794  -0.0360744 0.000611821
          19   -0.040884  -0.0363276 0.000629813
          20  -0.0423016  -0.0366263 0.000665396
          21    -0.04285  -0.0369226 0.000696592
          22  -0.0434946  -0.0372214 0.000726162
          23  -0.0435239  -0.0374954 0.000744499
          24  -0.0444497  -0.0377852 0.000767799
          25  -0.0452944  -0.0380855 0.000793668
          26  -0.0469308  -0.0384257  0.00083287
          27  -0.0478241  -0.0387738 0.000871734
          28  -0.0480189   -0.039104 0.000900964
          29  -0.0486914  -0.0394346 0.000928573
          30  -0.0506683  -0.0398091  0.00097019
          31  -0.0508837  -0.0401663  0.00100251
          32  -0.0513225  -0.0405149  0.00103002
          33  -0.0531859  -0.0408989  0.00106798
          34  -0.0569808  -0.0413719  0.00113649
          35  -0.0592645  -0.0418831  0.00121357
          36  -0.0631627  -0.0424742  0.00131596
          37  -0.0634447   -0.043041  0.00139712
          38  -0.0629223  -0.0435642  0.00145503
          39  -0.0658699  -0.0441361  0.00152599
          40  -0.0685604  -0.0447467  0.00160536
          41  -0.0699714   -0.045362  0.00167997
          42  -0.0736234  -0.0460349   0.0017696
          43  -0.0755333  -0.0467209  0.00185667
          44  -0.0763372   -0.047394  0.00193263
          45  -0.0835963  -0.0481985   0.0020503
          46  -0.0832901  -0.0489613  0.00214296
          47  -0.0810947   -0.049645  0.00220373
          48  -0.0817989  -0.0503149  0.00225733
          49  -0.0796065  -0.0509127  0.00228905
          50  -0.0808332  -0.0515111  0.00232017
          51  -0.0825649    -0.05212  0.00235322
          52  -0.0836364  -0.0527261  0.00238474
          53  -0.0856365   -0.053347  0.00241924
          54  -0.0891434  -0.0540099  0.00246358
          55  -0.0870296  -0.0546103  0.00249087
          56  -0.0886797  -0.0552187  0.00251959
          57  -0.0846653  -0.0557353  0.00252779
          58  -0.0867741  -0.0562704  0.00254023
          59  -0.0831124  -0.0567254  0.00253758
          60  -0.0829846   -0.057163  0.00253275
          61  -0.0886605  -0.0576794  0.00254332
          62  -0.0891484  -0.0581869  0.00255244
          63  -0.0865118  -0.0586365  0.00255122
          64  -0.0849539  -0.0590477  0.00254428
          65  -0.0898155  -0.0595211  0.00254879
          66  -0.0897139  -0.0599786  0.00255089
          67  -0.0926915  -0.0604668  0.00255912
          68  -0.0875234  -0.0608647  0.00255223
          69  -0.0939924  -0.0613448     0.00256
          70  -0.0926309  -0.0617918  0.00256215
          71  -0.0930028  -0.0622314   0.0025635
          72  -0.0910882  -0.0626321  0.00255903
          73  -0.0924153  -0.0630401  0.00255629
          74  -0.0966469  -0.0634943  0.00256177
          75  -0.0988818  -0.0639661   0.0025707
          76   -0.103763  -0.0644898  0.00258966
          77   -0.112057  -0.0651075  0.00262867
          78   -0.113767  -0.0657313  0.00266797
          79   -0.117165  -0.0663824  0.00271248
          80   -0.127026  -0.0671405  0.00278248
          81   -0.130528   -0.067923  0.00285605
          82   -0.131831  -0.0687024  0.00292563
          83   -0.134676  -0.0694972  0.00299641
          84   -0.140068  -0.0703374  0.00307626
          85   -0.139965  -0.0711565  0.00314724
          86   -0.138387  -0.0719383  0.00320627
          87   -0.136342  -0.0726785  0.00325375
          88   -0.135375   -0.073391  0.00329386
          89   -0.140176  -0.0741414  0.00334123
          90   -0.141282  -0.0748874  0.00338636
          91   -0.136971  -0.0755696  0.00341718
          92   -0.148164  -0.0763587  0.00346994
          93   -0.127408  -0.0769076  0.00347578
          94   -0.145212  -0.0776343  0.00351394
          95   -0.150407  -0.0784003  0.00355946
          96   -0.159733  -0.0792475  0.00362181
          97   -0.170782  -0.0801911  0.00370537
          98   -0.171914  -0.0811271  0.00378392
          99   -0.178903  -0.0821147  0.00387244
         100    -0.18324   -0.083126  0.00396356
         101   -0.185439   -0.084139   0.0040517
         102   -0.181374  -0.0850923   0.0041226
         103   -0.189788  -0.0861087  0.00420601
         104   -0.186792  -0.0870768  0.00427554
         105   -0.178472  -0.0879473  0.00432251
         106   -0.169201  -0.0887138  0.00434917
         107   -0.167215  -0.0894475  0.00436997
         108   -0.175316  -0.0902425  0.00440124
         109    -0.18795  -0.0911389  0.00445121
         110   -0.176926  -0.0919188  0.00447854
         111   -0.185096  -0.0927583  0.00451618
         112   -0.189844  -0.0936251  0.00455829
         113   -0.194606  -0.0945187  0.00460471
         114    -0.18925  -0.0953497  0.00463869
         115    -0.19131  -0.0961841  0.00467281
         116   -0.181127  -0.0969164  0.00468955
         117   -0.181494  -0.0976393  0.00470485
         118   -0.179381   -0.098332   0.0047157
         119   -0.179802  -0.0990166  0.00472551
         120    -0.17708  -0.0996672  0.00473069
         121   -0.179689   -0.100329   0.0047376
         122   -0.179129   -0.100974  0.00474259
         123   -0.176881   -0.101592  0.00474401
         124   -0.160127   -0.102064  0.00472919
         125   -0.172795   -0.102629  0.00472508
         126   -0.172053    -0.10318   0.0047196
         127   -0.177943   -0.103769  0.00471901
         128   -0.172765   -0.104308  0.00471282
         129   -0.176936   -0.104871   0.0047098
         130   -0.180702   -0.105454  0.00470955
         131   -0.170838   -0.105954  0.00469998
         132   -0.176562   -0.106488  0.00469471
         133   -0.170318   -0.106968  0.00468388
         134   -0.171704   -0.107452  0.00467377
         135    -0.16423   -0.107872  0.00465804
         136   -0.164542   -0.108289  0.00464239
         137   -0.168547   -0.108729  0.00462929
         138   -0.175925   -0.109216  0.00462128
         139   -0.177425   -0.109706  0.00461401
         140   -0.189734   -0.110278  0.00461633
         141   -0.203469   -0.110939  0.00463066
         142   -0.194019   -0.111524  0.00463487
         143   -0.189888   -0.112072  0.00463474
         144   -0.199448   -0.112679   0.0046421
         145   -0.178493   -0.113133  0.00463222
         146   -0.174054    -0.11355  0.00461925
         147   -0.185755   -0.114041  0.00461387
         148   -0.175092   -0.114454   0.0046011
         149   -0.177386   -0.114876  0.00458956
         150   -0.174395   -0.115273  0.00457609
         151   -0.176652   -0.115679   0.0045638
         152   -0.198221   -0.116222  0.00456597
         153   -0.191518   -0.116714  0.00456257
         154   -0.192048   -0.117204  0.00455909
         155   -0.171605   -0.117555  0.00454317
         156   -0.183688   -0.117978  0.00453378
         157   -0.195011   -0.118469  0.00453138
         158   -0.196851   -0.118965  0.00452977
         159   -0.194994   -0.119443  0.00452645
         160   -0.195843   -0.119921  0.00452327
         161   -0.195671   -0.120391  0.00451958
         162   -0.196428   -0.120861  0.00451599
         163   -0.207001   -0.121389   0.0045191
         164   -0.207187   -0.121912  0.00452172
         165   -0.197525   -0.122371  0.00451748
         166   -0.214087   -0.122923  0.00452393
         167   -0.210987    -0.12345  0.00452747
         168   -0.217525    -0.12401  0.00453502
         169    -0.22613   -0.124615  0.00454826
         170   -0.219674   -0.125174  0.00455575
         171   -0.226287   -0.125765  0.00456732
         172   -0.215279   -0.126286  0.00457032
         173   -0.213401   -0.126789  0.00457156
         174   -0.213599   -0.127288  0.00457243
         175   -0.195218   -0.127676  0.00456275
         176   -0.208418   -0.128135  0.00455983
         177   -0.220884   -0.128659  0.00456408
         178   -0.229058   -0.129223  0.00457315
         179   -0.222636   -0.129745  0.00457728
         180   -0.208542   -0.130183  0.00457274
         181   -0.235468   -0.130764  0.00458432
         182   -0.231083   -0.131316  0.00459215
         183    -0.22785   -0.131843  0.00459726
         184   -0.234747   -0.132402  0.00460617
         185   -0.243709   -0.133004  0.00462039
         186   -0.234873   -0.133552   0.0046279
         187   -0.224737   -0.134039  0.00462877
         188   -0.218009   -0.134486  0.00462565
         189   -0.218308   -0.134929  0.00462239
         190   -0.229592   -0.135428  0.00462483
         191   -0.219638   -0.135869  0.00462158
         192   -0.243197   -0.136428   0.0046312
         193    -0.26022   -0.137069  0.00465141
         194   -0.258563   -0.137695   0.0046694
         195   -0.254265   -0.138293  0.00468356
         196    -0.26745   -0.138952   0.0047058
         197   -0.264393   -0.139589  0.00472479
         198   -0.254612    -0.14017  0.00473651
         199   -0.228063   -0.140611  0.00473326
         200   -0.266008   -0.141238  0.00475093
         201   -0.279223   -0.141925  0.00477664
         202   -0.258711   -0.142503  0.00478785
         203     -0.2632   -0.143098  0.00480104
         204   -0.238196   -0.143564  0.00480009
         205   -0.258787   -0.144126  0.00480947
         206   -0.259119   -0.144684  0.00481841
         207   -0.262191   -0.145252  0.00482845
         208   -0.253894   -0.145774  0.00483341
         209   -0.258973   -0.146316  0.00484053
         210   -0.258172   -0.146848   0.0048467
         211   -0.253377   -0.147353  0.00484995
         212   -0.277062   -0.147965  0.00486552
         213   -0.263413   -0.148507  0.00487277
         214   -0.230158   -0.148888  0.00486491
         215   -0.259655   -0.149404  0.00486949
         216   -0.240244   -0.149824  0.00486507
         217   -0.273677   -0.150395  0.00487602
         218   -0.279371   -0.150987  0.00488941
         219   -0.286067   -0.151603  0.00490584
         220   -0.285558   -0.152212  0.00492118
         221   -0.281789   -0.152799  0.00493371
         222   -0.286336     -0.1534  0.00494802
         223    -0.28612   -0.153995   0.0049615
         224   -0.282189   -0.154568  0.00497225
         225   -0.274036   -0.155099  0.00497842
         226   -0.283353   -0.155666  0.00498863
         227   -0.265787   -0.156151  0.00499018
         228   -0.273057   -0.156664  0.00499457
         229   -0.278222   -0.157195  0.00500089
         230   -0.279846   -0.157728   0.0050075
         231   -0.264686   -0.158191  0.00500718
         232   -0.230108   -0.158501  0.00499518
         233   -0.274317   -0.158998  0.00499841
         234   -0.278306   -0.159508  0.00500299
         235   -0.286837    -0.16005  0.00501096
         236   -0.287181   -0.160588  0.00501859
         237   -0.282511   -0.161103  0.00502372
         238   -0.288945    -0.16164  0.00503124
         239   -0.282443   -0.162146  0.00503552
         240   -0.283679   -0.162652  0.00503993
         241   -0.255065   -0.163035  0.00503359
         242   -0.260241   -0.163437  0.00502879
         243   -0.275269   -0.163897  0.00502911
         244    -0.28623   -0.164399  0.00503343
         245   -0.282444    -0.16488  0.00503589
         246   -0.282808    -0.16536  0.00503818
         247   -0.283349   -0.165838  0.00504038
         248   -0.269763   -0.166257  0.00503745
         249   -0.254089   -0.166609  0.00502955
         250   -0.246667    -0.16693  0.00501962
         251   -0.211548   -0.167107  0.00500277
         252   -0.225533   -0.167339  0.00498828
         253   -0.205615    -0.16749  0.00497086
         254   -0.254571   -0.167833   0.0049631
         255   -0.254267   -0.168172   0.0049552
         256   -0.207745   -0.168327  0.00493825
         257    -0.24772   -0.168636  0.00492869
         258   -0.254981    -0.16897  0.00492093
         259   -0.254973   -0.169302  0.00491313
         260   -0.266284   -0.169675  0.00490837
         261   -0.265211   -0.170041  0.00490319
         262    -0.24622   -0.170332  0.00489309
         263   -0.254628   -0.170653  0.00488497
         264   -0.265216   -0.171011  0.00487958
         265   -0.270641   -0.171387  0.00487563
         266   -0.260316   -0.171721  0.00486875
         267   -0.257032   -0.172041  0.00486099
         268   -0.271081    -0.17241  0.00485688
         269   -0.272186   -0.172781  0.00485296
         270   -0.249671   -0.173066  0.00484334
         271    -0.24809   -0.173343  0.00483337
         272   -0.256679   -0.173649   0.0048253
         273     -0.2557    -0.17395  0.00481698
         274   -0.249082   -0.174224   0.0048072
         275   -0.250136     -0.1745  0.00479764
         276   -0.250638   -0.174776  0.00478818
         277   -0.254696   -0.175064  0.00477958
         278    -0.26035   -0.175371  0.00477222
         279   -0.253723   -0.175652  0.00476337
         280   -0.253602    -0.17593  0.00475449
         281   -0.256254   -0.176216  0.00474615
         282    -0.25712   -0.176503  0.00473798
         283    -0.24135   -0.176732  0.00472678
         284   -0.250684   -0.176993   0.0047173
         285   -0.245267   -0.177232  0.00470683
         286   -0.242635   -0.177461  0.00469593
         287   -0.235546   -0.177663  0.00468392
         288   -0.227952   -0.177838  0.00467091
         289   -0.231775   -0.178025  0.00465848
         290   -0.241661   -0.178244  0.00464758
         291   -0.241428   -0.178461  0.00463668
         292   -0.235867   -0.178658  0.00462496
         293   -0.222402   -0.178807  0.00461159
         294    -0.22549   -0.178966  0.00459864
         295   -0.228461   -0.179134  0.00458611
         296   -0.222566    -0.17928  0.00457296
         297   -0.229077   -0.179448  0.00456063
         298    -0.23212   -0.179625  0.00454875
         299   -0.219864   -0.179759  0.00453553
         300   -0.215651   -0.179879  0.00452199
         301   -0.219888   -0.180012  0.00450892
         302   -0.211478   -0.180116  0.00449519
         303   -0.195994   -0.180168  0.00448066
         304   -0.182606   -0.180176  0.00446593
         305    -0.16695   -0.180133   0.0044515
         306   -0.189166   -0.180163  0.00443705
         307   -0.195337   -0.180212  0.00442287
         308   -0.213227   -0.180319  0.00440981
         309   -0.214657    -0.18043  0.00439694
         310   -0.215936   -0.180545  0.00438425
         311   -0.208636   -0.180635  0.00437108
         312   -0.225609   -0.180779  0.00435945
         313   -0.220201   -0.180905  0.00434734
         314   -0.205033   -0.180982  0.00433417
         315   -0.231901   -0.181144  0.00432343
         316   -0.249754   -0.181361  0.00431519
         317   -0.245204   -0.181562  0.00430628
         318   -0.246688   -0.181767   0.0042976
         319   -0.244501   -0.181964  0.00428863
         320   -0.242926   -0.182154  0.00427946
         321   -0.245603   -0.182352  0.00427069
         322    -0.24955   -0.182561  0.00426252
         323   -0.248334   -0.182764  0.00425418
         324   -0.251689   -0.182977  0.00424637
         325   -0.254736   -0.183198  0.00423904
         326   -0.259942   -0.183433  0.00423257
         327   -0.259643   -0.183666  0.00422604
         328   -0.261789   -0.183904  0.00421986
         329    -0.25729   -0.184128  0.00421292
         330   -0.249387   -0.184325   0.0042048
         331   -0.267785   -0.184577  0.00419965
         332   -0.248357    -0.18477  0.00419139
         333   -0.240702   -0.184937  0.00418216
         334   -0.245887    -0.18512  0.00417362
         335   -0.251541   -0.185318  0.00416587
         336   -0.255246   -0.185526  0.00415867
         337   -0.267622    -0.18577  0.00415346
         338   -0.279956   -0.186049  0.00415051
         339   -0.285799   -0.186343  0.00414868
         340   -0.284408   -0.186631  0.00414649
         341   -0.252233   -0.186824  0.00413879
         342   -0.250365   -0.187009  0.00413086
         343    -0.26917   -0.187249  0.00412575
         344   -0.261478   -0.187465   0.0041194
         345   -0.279919   -0.187733  0.00411617
         346   -0.283502    -0.18801  0.00411357
         347    -0.28043   -0.188276  0.00411032
         348   -0.295171   -0.188583  0.00410997
         349   -0.295493   -0.188889   0.0041096
         350   -0.290874   -0.189181  0.00410817
         351   -0.290362   -0.189469  0.00410657
         352   -0.265807   -0.189686  0.00410063
         353   -0.282395   -0.189949  0.00409741
         354    -0.27254   -0.190182  0.00409247
         355   -0.278017   -0.190429  0.00408842
         356   -0.274964   -0.190667  0.00408382
         357   -0.277209   -0.190909  0.00407957
         358   -0.274465   -0.191143  0.00407485
         359   -0.274514   -0.191375  0.00407011
         360   -0.264769   -0.191579  0.00406391
         361   -0.264995   -0.191782  0.00405774
         362   -0.262397   -0.191977  0.00405121
         363   -0.260749   -0.192167  0.00404448
         364   -0.228532   -0.192266   0.0040346
         365   -0.239764   -0.192397  0.00402565
         366   -0.249458   -0.192553  0.00401767
         367   -0.245042   -0.192696  0.00400926
         368   -0.241565   -0.192828  0.00400057
         369   -0.262466   -0.193017  0.00399417
         370   -0.272689   -0.193232  0.00398918
         371   -0.276974   -0.193458  0.00398481
         372   -0.279258   -0.193689  0.00398077
         373   -0.264943    -0.19388  0.00397467
         374   -0.267589   -0.194077  0.00396893
         375   -0.271445   -0.194283   0.0039637
         376   -0.286841   -0.194529   0.0039608
         377   -0.283133   -0.194764  0.00395726
         378   -0.264277   -0.194948  0.00395106
         379   -0.263647    -0.19513  0.00394479
         380   -0.232223   -0.195227  0.00393562
         381   -0.246863   -0.195363  0.00392762
         382   -0.270203   -0.195559  0.00392222
         383   -0.277938   -0.195774  0.00391788
         384   -0.290985   -0.196022  0.00391551
         385    -0.28628   -0.196256  0.00391235
         386   -0.275835   -0.196462  0.00390765
         387   -0.285153   -0.196691  0.00390426
         388   -0.280106   -0.196906  0.00390011
         389     -0.2769   -0.197112  0.00389551
         390   -0.258831    -0.19727  0.00388873
         391   -0.252932   -0.197413  0.00388139
         392   -0.269533   -0.197597  0.00387585
         393   -0.251737   -0.197734  0.00386843
         394   -0.251025    -0.19787  0.00386098
         395   -0.258393   -0.198023  0.00385424
         396   -0.270027   -0.198205   0.0038488
         397   -0.271378   -0.198389  0.00384351
         398   -0.274919   -0.198581  0.00383866
         399   -0.287641   -0.198804  0.00383552
         400   -0.275116   -0.198995  0.00383068
         401   -0.277246    -0.19919  0.00382609
         402   -0.272688   -0.199373  0.00382094
         403   -0.275455   -0.199562  0.00381612
         404   -0.274483   -0.199747  0.00381118
         405    -0.27964   -0.199945  0.00380687
         406   -0.278347   -0.200138  0.00380239
         407    -0.28754   -0.200353   0.0037991
         408    -0.27992   -0.200548  0.00379479
         409   -0.284777   -0.200754   0.0037911
         410   -0.288318   -0.200967  0.00378786
         411   -0.274812   -0.201147  0.00378291
         412   -0.274019   -0.201324  0.00377786
         413    -0.27644   -0.201506  0.00377309
         414   -0.263092   -0.201654   0.0037669
         415   -0.254116   -0.201781  0.00375995
         416   -0.263675    -0.20193  0.00375385
         417   -0.260558    -0.20207  0.00374748
         418   -0.263087   -0.202216  0.00374136
         419   -0.254233    -0.20234  0.00373449
         420   -0.245585   -0.202443  0.00372702
         421   -0.241573   -0.202536  0.00371932
         422   -0.256655   -0.202664  0.00371272
         423   -0.252309   -0.202782   0.0037058
         424   -0.249998   -0.202893  0.00369873
         425   -0.269589    -0.20305  0.00369335
         426   -0.271029    -0.20321  0.00368813
         427   -0.254636    -0.20333  0.00368146
         428    -0.25856   -0.203459  0.00367512
         429   -0.266466   -0.203606  0.00366948
         430   -0.281437   -0.203787  0.00366541
         431   -0.264581   -0.203928  0.00365962
         432   -0.274438   -0.204091  0.00365479
         433   -0.261563   -0.204224  0.00364876
         434   -0.263029   -0.204359  0.00364286
         435   -0.279331   -0.204532  0.00363856
         436   -0.279828   -0.204704  0.00363431
         437   -0.290989   -0.204902  0.00363136
         438   -0.288782   -0.205093  0.00362811
         439    -0.27711   -0.205257  0.00362356
         440    -0.27718   -0.205421  0.00361901
         441   -0.297279   -0.205629  0.00361679
         442    -0.29771   -0.205838   0.0036146
         443   -0.304708   -0.206061  0.00361332
         444   -0.314348   -0.206305  0.00361341
         445   -0.306475    -0.20653  0.00361229
         446   -0.317885   -0.206779  0.00361281
         447   -0.313818   -0.207019  0.00361266
         448    -0.30757   -0.207243  0.00361156
         449   -0.309819   -0.207472  0.00361073
         450   -0.303063   -0.207684  0.00360895
         451   -0.305893   -0.207902  0.00360751
         452   -0.312097   -0.208132  0.00360689
         453   -0.289795   -0.208313  0.00360343
         454    -0.30686    -0.20853  0.00360202
         455   -0.311883   -0.208757  0.00360126
         456   -0.317527   -0.208996  0.00360126
         457   -0.314613   -0.209227  0.00360078
         458   -0.329674    -0.20949  0.00360251
         459   -0.311664   -0.209712  0.00360154
         460   -0.311588   -0.209934  0.00360051
         461   -0.310798   -0.210152  0.00359934
         462   -0.308464   -0.210365  0.00359783
         463   -0.338248   -0.210641  0.00360065
         464   -0.342517   -0.210926  0.00360409
         465   -0.341755   -0.211207   0.0036073
         466   -0.348885   -0.211502  0.00361164
         467   -0.344574   -0.211787  0.00361513
         468   -0.338582   -0.212058  0.00361754
         469   -0.327787   -0.212305  0.00361824
         470   -0.323161   -0.212541  0.00361822
         471   -0.313866   -0.212756  0.00361693
         472    -0.31149   -0.212965  0.00361531
         473   -0.320088   -0.213192  0.00361475
         474   -0.323269   -0.213424  0.00361458
         475   -0.329096   -0.213668  0.00361516
         476   -0.310552   -0.213871  0.00361329
         477   -0.306638   -0.214066  0.00361095
         478   -0.309115   -0.214264  0.00360886
         479   -0.338641   -0.214524  0.00361066
         480    -0.32281    -0.21475  0.00361018
         481   -0.339624   -0.215009  0.00361199
         482   -0.308185   -0.215203  0.00360967
         483   -0.334507    -0.21545  0.00361064
         484   -0.329484   -0.215685  0.00361086
         485   -0.341928   -0.215945  0.00361278
         486   -0.347423   -0.216216  0.00361546
         487     -0.3524   -0.216496  0.00361884
         488   -0.351175   -0.216772  0.00362193
         489   -0.347111   -0.217038  0.00362432
         490   -0.337135   -0.217283   0.0036252
         491   -0.323806     -0.2175   0.0036243
         492   -0.334897   -0.217739  0.00362478
         493   -0.343414   -0.217994  0.00362638
         494   -0.334127   -0.218229  0.00362665
         495   -0.332459    -0.21846  0.00362666
         496   -0.312797    -0.21865  0.00362433
         497   -0.323963   -0.218862  0.00362323
         498   -0.314461   -0.219054  0.00362103
         499   -0.311988    -0.21924  0.00361856
         500   -0.316531   -0.219434  0.00361655
         501   -0.304197   -0.219604  0.00361329
         502   -0.304382   -0.219773  0.00361004
         503   -0.295334   -0.219923  0.00360598
         504    -0.27614   -0.220034  0.00360055
         505   -0.280651   -0.220154  0.00359543
         506   -0.290739   -0.220294  0.00359102
         507   -0.299727   -0.220451  0.00358736
         508   -0.318317   -0.220643  0.00358547
         509   -0.307552   -0.220814  0.00358248
         510   -0.309953   -0.220989  0.00357972
         511   -0.293522   -0.221131  0.00357553
         512   -0.289895   -0.221265  0.00357107
         513   -0.308724   -0.221435  0.00356817
         514   -0.308041   -0.221604  0.00356521
         515   -0.301015   -0.221758  0.00356162
         516   -0.331402   -0.221971  0.00356105
         517   -0.334967   -0.222189  0.00356086
         518   -0.342946   -0.222422  0.00356161
         519   -0.347245   -0.222663  0.00356286
         520   -0.328065   -0.222865  0.00356177
         521   -0.335343   -0.223081  0.00356147
         522   -0.331081   -0.223288  0.00356065
         523   -0.311099   -0.223456   0.0035578
         524   -0.324477   -0.223649  0.00355623
         525   -0.327595   -0.223847  0.00355496
         526   -0.295787   -0.223984  0.00355083
         527   -0.304754   -0.224137   0.0035474
         528   -0.333183   -0.224344  0.00354669
         529   -0.320625   -0.224526  0.00354465
         530   -0.328907   -0.224722  0.00354343
         531   -0.329732    -0.22492  0.00354227
         532   -0.308109   -0.225077  0.00353906
         533   -0.323842   -0.225262  0.00353727
         534   -0.329155   -0.225456  0.00353599
         535   -0.353509   -0.225696  0.00353748
         536   -0.340749    -0.22591  0.00353738
         537   -0.319372   -0.226084  0.00353507
         538   -0.330869   -0.226279  0.00353386
         539   -0.338182   -0.226487   0.0035334
         540   -0.326831   -0.226673  0.00353174
         541   -0.332275   -0.226868   0.0035306
         542   -0.348997   -0.227093  0.00353127
         543   -0.331888   -0.227286  0.00353004
         544   -0.329978   -0.227475  0.00352859
         545   -0.319777   -0.227644  0.00352618
         546   -0.343544   -0.227857  0.00352611
         547   -0.351482   -0.228083   0.0035269
         548   -0.318056   -0.228247  0.00352428
         549   -0.320855   -0.228415  0.00352189
         550   -0.335135    -0.22861  0.00352083
         551   -0.342564   -0.228816  0.00352051
         552   -0.324244   -0.228989  0.00351837
         553   -0.335507   -0.229182  0.00351728
         554   -0.343205   -0.229388  0.00351695
         555   -0.333905   -0.229576  0.00351565
         556   -0.337487    -0.22977  0.00351468
         557   -0.323327   -0.229938  0.00351238
         558   -0.320787   -0.230101  0.00350986
         559   -0.349262   -0.230314  0.00351005
         560   -0.347144   -0.230523  0.00350997
         561   -0.339647   -0.230717   0.0035091
         562   -0.349796   -0.230929  0.00350925
         563   -0.339668   -0.231122  0.00350833
         564   -0.332467   -0.231302  0.00350671
         565   -0.307048   -0.231436  0.00350306
         566   -0.327871   -0.231606  0.00350101
         567   -0.323139   -0.231768  0.00349856
         568   -0.318998   -0.231921  0.00349577
         569    -0.32513   -0.232085  0.00349346
         570   -0.325872    -0.23225   0.0034912
         571   -0.336286   -0.232432  0.00348984
         572   -0.320862   -0.232586  0.00348716
         573   -0.322061   -0.232743  0.00348457
         574   -0.305058   -0.232869  0.00348078
         575   -0.341439   -0.233057  0.00347984
         576   -0.335541   -0.233235  0.00347835
         577   -0.327317   -0.233398  0.00347614
         578   -0.341374   -0.233585  0.00347514
         579   -0.345607   -0.233779  0.00347452
         580   -0.350445    -0.23398  0.00347434
         581    -0.33368   -0.234151   0.0034726
         582   -0.335474   -0.234326  0.00347099
         583   -0.340661   -0.234508  0.00346983
         584   -0.318365   -0.234652  0.00346686
         585   -0.310248   -0.234781  0.00346334
         586     -0.3366   -0.234954  0.00346179
         587   -0.341248   -0.235136  0.00346062
         588   -0.315778   -0.235273  0.00345745
         589   -0.335041   -0.235442  0.00345573
         590   -0.357266   -0.235649  0.00345603
         591   -0.336092   -0.235819  0.00345436
         592   -0.358943   -0.236027  0.00345478
         593   -0.359351   -0.236234  0.00345521
         594   -0.366379   -0.236454  0.00345633
         595   -0.363799   -0.236668  0.00345715
         596    -0.37624   -0.236902  0.00345927
         597   -0.382138   -0.237145  0.00346202
         598   -0.356942   -0.237345  0.00346202
         599   -0.351556   -0.237536  0.00346149
         600   -0.348841   -0.237722  0.00346068
         601   -0.357374   -0.237921  0.00346065
         602    -0.37165   -0.238143  0.00346202
         603   -0.368135   -0.238358  0.00346298
         604   -0.376605   -0.238587  0.00346481
         605   -0.375813   -0.238814   0.0034665
         606   -0.369173   -0.239029  0.00346744
         607   -0.358263   -0.239226  0.00346729
         608    -0.36766   -0.239437  0.00346802
         609   -0.369697   -0.239651  0.00346891
         610   -0.348136   -0.239829  0.00346778
         611   -0.336063   -0.239986  0.00346568
         612   -0.344434   -0.240157  0.00346422
         613   -0.353006   -0.240341  0.00346345
         614   -0.352208   -0.240523   0.0034626
         615   -0.352517   -0.240705  0.00346176
         616   -0.346053   -0.240876  0.00346036
         617   -0.357159   -0.241065  0.00345988
         618   -0.348093   -0.241238  0.00345861
         619   -0.333839   -0.241387  0.00345626
         620   -0.284048   -0.241456  0.00345137
         621   -0.307104   -0.241562  0.00344743
         622   -0.349613   -0.241736  0.00344626
         623   -0.344444   -0.241901  0.00344467
         624   -0.374995   -0.242114  0.00344575
         625   -0.381159   -0.242336  0.00344741
         626   -0.367691   -0.242537  0.00344771
         627   -0.392149   -0.242775  0.00345046
         628    -0.36674   -0.242973  0.00345061
         629   -0.340091   -0.243127  0.00344858
         630   -0.322918   -0.243254  0.00344543
         631   -0.307958   -0.243356  0.00344149
         632   -0.334051     -0.2435  0.00343904
         633   -0.335954   -0.243646   0.0034367
         634   -0.331477   -0.243784  0.00343408
         635   -0.345096   -0.243944  0.00343237
         636   -0.334521   -0.244086  0.00342993
         637   -0.322859    -0.24421  0.00342677
         638   -0.312341   -0.244317  0.00342306
         639    -0.31537   -0.244428  0.00341951
         640     -0.3303   -0.244562   0.0034168
         641   -0.313026   -0.244669  0.00341314
         642   -0.333583   -0.244807  0.00341063
         643   -0.334283   -0.244946  0.00340817
         644   -0.336955   -0.245089  0.00340587
         645   -0.339116   -0.245235   0.0034037
         646   -0.301405   -0.245322  0.00339955
         647     -0.3436   -0.245474  0.00339768
         648   -0.348895   -0.245634  0.00339619
         649   -0.344336   -0.245786  0.00339436
         650   -0.350983   -0.245948  0.00339299
         651   -0.322122   -0.246065   0.0033898
         652   -0.359968   -0.246239   0.0033891
         653   -0.364588    -0.24642  0.00338875
         654    -0.36015   -0.246594  0.00338803
         655    -0.33785   -0.246734  0.00338572
         656   -0.348342   -0.246889   0.0033841
         657   -0.356547   -0.247055  0.00338306
         658   -0.355551    -0.24722  0.00338193
         659   -0.369617   -0.247406   0.0033819
         660   -0.367567   -0.247588  0.00338167
         661   -0.357691   -0.247755  0.00338065
         662   -0.349767   -0.247909  0.00337906
         663   -0.348377    -0.24806  0.00337736
         664   -0.355755   -0.248223  0.00337616
         665   -0.362914   -0.248395  0.00337549
         666     -0.3615   -0.248565  0.00337469
         667   -0.334785   -0.248694  0.00337211
         668    -0.36838   -0.248873  0.00337181
         669   -0.374778   -0.249061  0.00337202
         670   -0.384038   -0.249263    0.003373
         671   -0.388199    -0.24947  0.00337432
         672   -0.397205    -0.24969  0.00337646
         673   -0.385775   -0.249892  0.00337749
         674   -0.379246   -0.250084  0.00337793
         675   -0.348464    -0.25023  0.00337607
         676   -0.348059   -0.250374  0.00337417
         677   -0.323526   -0.250482  0.00337092
         678   -0.306796   -0.250566  0.00336697
         679     -0.3297   -0.250682  0.00336403
         680   -0.346805   -0.250823  0.00336205
         681   -0.358418   -0.250981  0.00336082
         682    -0.33397   -0.251103   0.0033581
         683     -0.3491   -0.251247  0.00335624
         684   -0.357311   -0.251402  0.00335492
         685   -0.350708   -0.251547  0.00335315
         686   -0.342243   -0.251679  0.00335087
         687   -0.330513   -0.251794  0.00334795
         688   -0.352981   -0.251941  0.00334632
         689   -0.369372   -0.252111   0.0033458
         690   -0.384255   -0.252303  0.00334642
         691   -0.392966   -0.252506  0.00334777
         692   -0.371291   -0.252678  0.00334733
         693   -0.381302   -0.252863  0.00334764
         694   -0.364599   -0.253024  0.00334668
         695   -0.365815   -0.253187   0.0033458
         696   -0.383138   -0.253373   0.0033462
         697   -0.368118   -0.253538  0.00334545
         698   -0.368681   -0.253703  0.00334472
         699   -0.363618    -0.25386  0.00334363
         700   -0.351027   -0.253999  0.00334173
         701   -0.376096   -0.254173   0.0033415
         702   -0.368912   -0.254337  0.00334073
         703    -0.34158   -0.254461  0.00333829
         704   -0.331191    -0.25457  0.00333532
         705   -0.336835   -0.254687  0.00333263
         706   -0.345542   -0.254815   0.0033304
         707   -0.326771   -0.254917  0.00332724
         708   -0.305391   -0.254988  0.00332331
         709   -0.299127   -0.255051   0.0033192
         710   -0.326255   -0.255151  0.00331604
         711   -0.304924   -0.255221  0.00331212
         712   -0.355815   -0.255362  0.00331048
         713   -0.347097   -0.255491  0.00330833
         714   -0.336279   -0.255604  0.00330563
         715   -0.331293    -0.25571   0.0033027
         716    -0.30661   -0.255781  0.00329886
         717   -0.317994   -0.255868   0.0032954
         718   -0.301764   -0.255932  0.00329143
         719   -0.332094   -0.256037  0.00328855
         720   -0.332093   -0.256143  0.00328568
         721    -0.31981   -0.256231  0.00328231
         722   -0.331871   -0.256336  0.00327944
         723   -0.357931   -0.256477  0.00327791
         724   -0.361623   -0.256622   0.0032766
         725   -0.356238   -0.256759  0.00327496
         726   -0.338186   -0.256871  0.00327237
         727   -0.381882   -0.257043  0.00327238
         728   -0.373368   -0.257203  0.00327178
         729   -0.369322   -0.257357  0.00327091
         730   -0.350631   -0.257485  0.00326892
         731   -0.364954   -0.257632  0.00326776
         732   -0.355652   -0.257766  0.00326603
         733   -0.364292   -0.257911  0.00326481
         734   -0.343481   -0.258028  0.00326244
         735   -0.388909   -0.258206  0.00326286
         736   -0.382487   -0.258375  0.00326279
         737   -0.366022   -0.258521  0.00326163
         738   -0.374202   -0.258677  0.00326098
         739   -0.390133   -0.258855  0.00326141
         740   -0.392856   -0.259036  0.00326203
         741   -0.392436   -0.259216  0.00326259
         742   -0.375462   -0.259373  0.00326195
         743   -0.353737     -0.2595  0.00326004
         744   -0.378381    -0.25966  0.00325957
         745   -0.373486   -0.259813  0.00325877
         746   -0.385779   -0.259981  0.00325877
         747   -0.386912   -0.260151  0.00325884
         748   -0.387412   -0.260322  0.00325892
         749    -0.37719   -0.260478   0.0032583
         750   -0.370958   -0.260625  0.00325729
         751   -0.398571   -0.260809  0.00325812
         752   -0.398152   -0.260991  0.00325891
         753   -0.384118   -0.261155  0.00325868
         754   -0.388759   -0.261324  0.00325875
         755   -0.404689   -0.261514  0.00325996
         756   -0.396125   -0.261692  0.00326051
         757   -0.398949   -0.261873  0.00326124
         758    -0.39733   -0.262052  0.00326183
         759    -0.40581   -0.262241  0.00326302
         760   -0.409671   -0.262435  0.00326449
         761   -0.414945   -0.262636  0.00326635
         762   -0.414609   -0.262835  0.00326814
         763   -0.389075   -0.263001  0.00326805
         764   -0.388834   -0.263165  0.00326792
         765   -0.368429   -0.263303  0.00326654
         766   -0.375952    -0.26345  0.00326558
         767   -0.408483   -0.263639   0.0032668
         768   -0.384673   -0.263797  0.00326634
         769   -0.373658   -0.263939  0.00326522
         770   -0.385405   -0.264097  0.00326478
         771   -0.380126   -0.264248  0.00326402
         772   -0.417652   -0.264446  0.00326583
         773   -0.401094   -0.264623  0.00326639
         774   -0.416061   -0.264819  0.00326802
         775   -0.421071    -0.26502  0.00327002
         776   -0.416794   -0.265216  0.00327165
         777   -0.425133   -0.265422  0.00327391
         778   -0.428923   -0.265632  0.00327644
         779   -0.406077   -0.265812  0.00327719
         780   -0.411664   -0.265999  0.00327831
         781   -0.408003   -0.266181  0.00327916
         782    -0.39952   -0.266352  0.00327939
         783   -0.404391   -0.266528  0.00327994
         784   -0.385831    -0.26668  0.00327928
         785    -0.39896   -0.266849  0.00327943
         786   -0.395794   -0.267013  0.00327936
         787   -0.375371    -0.26715  0.00327808
         788   -0.384412   -0.267299   0.0032773
         789   -0.382501   -0.267445   0.0032764
         790    -0.37467   -0.267581  0.00327506
         791   -0.373706   -0.267715  0.00327367
         792    -0.36166   -0.267834  0.00327168
         793   -0.367901    -0.26796  0.00326999
         794   -0.366326   -0.268084  0.00326822
         795    -0.36166   -0.268201  0.00326622
         796   -0.354961    -0.26831  0.00326394
         797   -0.338189   -0.268398  0.00326102
         798    -0.36494   -0.268519  0.00325918
         799   -0.341174    -0.26861  0.00325637
         800   -0.347055   -0.268708  0.00325377
         801   -0.356067   -0.268817  0.00325154
         802   -0.364674   -0.268937  0.00324968
         803   -0.369219   -0.269062  0.00324803
         804   -0.363629   -0.269179  0.00324612
         805   -0.357821   -0.269289  0.00324395
         806   -0.362219   -0.269405  0.00324198
         807   -0.369205   -0.269528  0.00324032
         808   -0.340654   -0.269616   0.0032375
         809   -0.353465    -0.26972  0.00323516
         810   -0.344807   -0.269813  0.00323249
         811   -0.357024    -0.26992   0.0032303
         812   -0.366129   -0.270039  0.00322849
         813   -0.359237   -0.270148  0.00322638
         814   -0.364714   -0.270265  0.00322451
         815   -0.355906    -0.27037  0.00322227
         816   -0.340975   -0.270456  0.00321948
         817   -0.340579   -0.270542  0.00321668
         818   -0.327843   -0.270612  0.00321351
         819   -0.341862   -0.270699  0.00321077
         820   -0.322194   -0.270762  0.00320746
         821   -0.351372    -0.27086  0.00320506
         822   -0.356364   -0.270964  0.00320285
         823   -0.356258   -0.271068  0.00320063
         824   -0.364863   -0.271182  0.00319877
         825   -0.361244   -0.271291  0.00319676
         826   -0.363571   -0.271402  0.00319484
         827   -0.359244   -0.271509  0.00319274
         828   -0.351196   -0.271605  0.00319033
         829   -0.340349   -0.271688  0.00318756
         830   -0.353586   -0.271786  0.00318525
         831   -0.346741   -0.271877  0.00318269
         832   -0.353306   -0.271975  0.00318037
         833   -0.356085   -0.272076  0.00317816
         834   -0.349231   -0.272168  0.00317569
         835    -0.33974   -0.272249  0.00317292
         836   -0.348754    -0.27234  0.00317044
         837   -0.371204   -0.272459  0.00316886
         838   -0.369644   -0.272575   0.0031672
         839    -0.37277   -0.272694  0.00316567
         840   -0.381786   -0.272824  0.00316457
         841    -0.37578   -0.272946  0.00316317
         842   -0.379288   -0.273073  0.00316193
         843   -0.371943    -0.27319  0.00316036
         844   -0.375474   -0.273311  0.00315894
         845   -0.372133   -0.273428  0.00315736
         846   -0.396109   -0.273573  0.00315696
         847   -0.384572   -0.273704  0.00315595
         848   -0.378922   -0.273828  0.00315467
         849     -0.3911   -0.273966  0.00315397
         850   -0.386968   -0.274099  0.00315306
         851   -0.377486   -0.274221   0.0031517
         852   -0.396482   -0.274364  0.00315126
         853   -0.382096    -0.27449   0.0031501
         854   -0.377309   -0.274611  0.00314871
         855   -0.363218   -0.274715  0.00314673
         856   -0.349456   -0.274802  0.00314427
         857     -0.3399   -0.274878  0.00314152
         858   -0.331143   -0.274943  0.00313854
         859   -0.347811   -0.275028  0.00313603
         860   -0.354987   -0.275121  0.00313376
         861   -0.367696   -0.275229  0.00313197
         862   -0.358773   -0.275326  0.00312983
         863   -0.363523   -0.275428  0.00312787
         864   -0.359739   -0.275525  0.00312578
         865   -0.351572   -0.275613   0.0031234
         866   -0.363606   -0.275715  0.00312144
         867   -0.332041    -0.27578  0.00311852
         868   -0.328104    -0.27584  0.00311551
         869    -0.34939   -0.275925  0.00311307
         870   -0.347776   -0.276007  0.00311059
         871   -0.348609   -0.276091  0.00310814
         872   -0.346661   -0.276172  0.00310563
         873   -0.341596   -0.276247  0.00310297
         874    -0.34643   -0.276327  0.00310046
         875   -0.349881   -0.276411  0.00309806
         876   -0.338508   -0.276482  0.00309533
         877   -0.344688    -0.27656  0.00309278
         878   -0.355007   -0.276649  0.00309055
         879   -0.343432   -0.276725  0.00308796
         880   -0.341649   -0.276799  0.00308534
         881   -0.342219   -0.276873  0.00308273
         882   -0.359271   -0.276966  0.00308065
         883   -0.335099   -0.277032  0.00307786
         884   -0.350286   -0.277115   0.0030755
         885   -0.353249   -0.277201  0.00307322
         886    -0.36545   -0.277301  0.00307137
         887   -0.364595   -0.277399  0.00306948
         888     -0.3668     -0.2775  0.00306768
         889   -0.334185   -0.277564  0.00306489
         890   -0.321793   -0.277613  0.00306185
         891   -0.322657   -0.277664  0.00305883
         892   -0.342066   -0.277736  0.00305625
         893   -0.360252   -0.277828  0.00305423
         894   -0.387197   -0.277951  0.00305326
         895   -0.365814   -0.278049  0.00305142
         896   -0.388739   -0.278173  0.00305052
         897   -0.390789   -0.278298   0.0030497
         898    -0.37254   -0.278403  0.00304811
         899   -0.383744    -0.27852  0.00304697
         900   -0.382445   -0.278636  0.00304577
         901   -0.375789   -0.278743   0.0030443
         902   -0.381199   -0.278857  0.00304304
         903   -0.379172   -0.278968   0.0030417
         904   -0.379254   -0.279079  0.00304036
         905   -0.375406   -0.279186  0.00303886
         906   -0.361405   -0.279276  0.00303686
         907   -0.348391   -0.279352  0.00303447
         908   -0.343136   -0.279423  0.00303194
         909   -0.357701   -0.279509  0.00302983
         910    -0.31626   -0.279549  0.00302677
         911   -0.283339   -0.279553  0.00302345
         912   -0.326377   -0.279605  0.00302057
         913    -0.34953   -0.279681  0.00301823
         914   -0.374065   -0.279785  0.00301669
         915   -0.352867   -0.279864  0.00301445
         916   -0.364382   -0.279957  0.00301257
         917   -0.348576   -0.280032  0.00301022
         918   -0.371753   -0.280131   0.0030086
         919   -0.379752    -0.28024  0.00300728
         920   -0.390763    -0.28036  0.00300641
         921   -0.376963   -0.280465  0.00300497
         922    -0.36591   -0.280558  0.00300314
         923   -0.369283   -0.280654  0.00300142
         924   -0.363811   -0.280744  0.00299953
         925   -0.380684   -0.280852  0.00299823
         926   -0.367055   -0.280945  0.00299643
         927   -0.376179   -0.281048  0.00299496
         928   -0.378898   -0.281153  0.00299359
         929   -0.378681   -0.281258  0.00299221
         930   -0.346583   -0.281328  0.00298982
         931   -0.346275   -0.281398  0.00298742
         932   -0.337723   -0.281458  0.00298482
         933   -0.354223   -0.281536  0.00298264
         934   -0.383602   -0.281646  0.00298145
         935    -0.36921   -0.281739  0.00297973
         936   -0.332936   -0.281794  0.00297705
         937   -0.369358   -0.281887  0.00297534
         938   -0.364165   -0.281975  0.00297346
         939   -0.374461   -0.282074  0.00297193
         940   -0.370539   -0.282168  0.00297025
         941   -0.343095   -0.282233   0.0029678
         942   -0.362328   -0.282318  0.00296587
         943   -0.364498   -0.282405  0.00296401
         944   -0.359045   -0.282486  0.00296198
         945   -0.364075   -0.282572   0.0029601
         946   -0.343306   -0.282636  0.00295767
         947   -0.384218   -0.282744  0.00295649
         948   -0.393852   -0.282861  0.00295569
         949   -0.367055    -0.28295  0.00295391
         950   -0.344914   -0.283015  0.00295152
         951   -0.324693   -0.283059  0.00294874
         952   -0.375619   -0.283156  0.00294725
         953   -0.359999   -0.283237  0.00294526
         954   -0.376131   -0.283334  0.00294378
         955   -0.376465   -0.283431  0.00294231
         956   -0.361004   -0.283513  0.00294035
         957   -0.357166    -0.28359  0.00293829
         958   -0.393928   -0.283705  0.00293748
         959   -0.361688   -0.283786  0.00293554
         960   -0.388537   -0.283895  0.00293451
         961   -0.381937   -0.283997  0.00293323
         962    -0.39381   -0.284111   0.0029324
         963   -0.372958   -0.284204   0.0029308
         964    -0.38552   -0.284309  0.00292965
         965   -0.377891   -0.284406  0.00292822
         966   -0.343299   -0.284467  0.00292582
         967   -0.363081   -0.284548  0.00292392
         968   -0.345799   -0.284611  0.00292159
         969   -0.364962   -0.284694  0.00291975
         970   -0.361716   -0.284774  0.00291782
         971   -0.347342   -0.284838  0.00291552
         972   -0.348255   -0.284903  0.00291326
         973   -0.364924   -0.284985  0.00291142
         974   -0.348779   -0.285051  0.00290917
         975   -0.356548   -0.285124  0.00290711
         976   -0.364761   -0.285206  0.00290528
         977    -0.34193   -0.285264  0.00290288
         978   -0.343615   -0.285324  0.00290053
         979   -0.337428   -0.285377  0.00289805
         980   -0.343626   -0.285436   0.0028957
         981   -0.362409   -0.285515  0.00289382
         982   -0.340715   -0.285571  0.00289141
         983   -0.352712   -0.285639  0.00288928
         984   -0.358868   -0.285714   0.0028873
         985   -0.368121   -0.285797  0.00288558
         986   -0.372242   -0.285885  0.00288399
         987   -0.379154   -0.285979  0.00288261
         988   -0.353395   -0.286048   0.0028805
         989   -0.364752   -0.286127  0.00287869
         990   -0.378312    -0.28622  0.00287729
         991   -0.357813   -0.286293  0.00287529
         992   -0.373963   -0.286381  0.00287375
         993   -0.363505   -0.286459  0.00287191
         994   -0.351234   -0.286524  0.00286976
         995    -0.36086   -0.286599  0.00286784
         996   -0.347176   -0.286659  0.00286561
         997   -0.352823   -0.286726   0.0028635
         998   -0.356749   -0.286796  0.00286149
         999   -0.356964   -0.286866  0.00285949
        1000    -0.34447   -0.286924  0.00285721
