         0.5    0.335781    0.347684   0.0122455
         0.6    0.396005    0.409086  0.00755752
         0.7    0.397931    0.431025  0.00559587
         0.8    0.423888    0.437707  0.00495799
         0.9    0.449788    0.434286  0.00320527
           1    0.425024    0.417848   0.0021848
         1.1    0.403248    0.397364   0.0017192
         1.2    0.374687    0.372708  0.00181894
         1.3    0.340935    0.342445   0.0015881
         1.4    0.319364    0.316414  0.00109776
         1.5    0.294828    0.294553 0.000932439
         1.6     0.27094    0.271514  0.00104053
         1.7    0.248421      0.2502  0.00115611
         1.8    0.230153    0.230268   0.0012272
         1.9    0.214332    0.213459 0.000986012
           2    0.199637    0.197827 0.000792107
