         0.5     77.4375     75.3478     1.49475
         0.6     45.0187     42.9394     1.08542
         0.7     28.2894     24.2901    0.623262
         0.8     15.9181     15.0958    0.310423
         0.9     9.70228     10.1759    0.171928
           1     6.01834     7.32088    0.103342
         1.1     4.98539     5.59294   0.0716064
         1.2     4.00895     4.41685   0.0373148
         1.3     3.25279     3.60688   0.0261949
         1.4     2.77272      2.9832   0.0208365
         1.5     2.45704     2.52174   0.0147663
         1.6     2.14657     2.18439   0.0108737
         1.7     1.85587      1.8982   0.0114461
         1.8     1.64263     1.67829  0.00952031
         1.9     1.47182     1.49379  0.00750783
           2      1.3292     1.34479  0.00560391
