         0.5   -0.973016   -0.970372  0.00160777
         0.6   -0.936856   -0.933473  0.00145629
         0.7   -0.900344   -0.891328  0.00114218
         0.8   -0.851264    -0.84787 0.000758199
         0.9   -0.806536    -0.80444  0.00064233
           1     -0.7584   -0.761366  0.00054558
         1.1   -0.717712   -0.721557 0.000669024
         1.2    -0.68116   -0.682921 0.000507678
         1.3   -0.643032   -0.646946 0.000519586
         1.4   -0.611592   -0.614007 0.000334216
         1.5   -0.580952   -0.582837 0.000353484
         1.6   -0.551656   -0.554602 0.000411857
         1.7    -0.52496   -0.528348 0.000365136
         1.8   -0.499808   -0.504541 0.000428109
         1.9    -0.47764   -0.482302 0.000408593
           2   -0.459272   -0.461816 0.000354285
