         0.5    0.924508    0.900352   0.0201057
         0.6    0.539384    0.703249   0.0177443
         0.7    0.408912    0.456999    0.014396
         0.8     0.33662    0.289405   0.0110627
         0.9    0.241176    0.199162  0.00938322
           1     0.15404    0.150076  0.00663785
         1.1    0.112568    0.112986  0.00485159
         1.2     0.09296   0.0917392  0.00418326
         1.3    0.069156   0.0752312  0.00333047
         1.4    0.057924    0.060827  0.00281768
         1.5    0.050856   0.0513464  0.00264741
         1.6    0.044272   0.0451408  0.00216869
         1.7    0.042256   0.0399472   0.0022437
         1.8    0.039432   0.0355146  0.00203721
         1.9    0.037812   0.0316324  0.00191633
           2    0.030268   0.0281398  0.00183349
