           1    -6.58449    -6.58449           0
           2    -6.48126    -6.53288   0.0364954
           3    -6.32568    -6.46381   0.0614172
           4    -6.26943    -6.41521   0.0623929
           5    -6.13446    -6.35906   0.0708076
           6    -6.03504    -6.30506   0.0768905
           7    -5.96058    -6.25585   0.0801213
           8    -5.97092    -6.22023   0.0776196
           9     -5.9315    -6.18815   0.0753341
          10    -5.87411    -6.15675   0.0740576
          11    -5.90216     -6.1336   0.0708494
          12    -5.92108    -6.11589   0.0671222
          13    -5.87939     -6.0977   0.0643772
          14    -5.81586    -6.07757   0.0628476
          15    -5.76498    -6.05673   0.0620165
          16    -5.73332    -6.03652   0.0613462
          17    -5.67931     -6.0155   0.0612304
          18    -5.62047    -5.99356   0.0616363
          19    -5.64928    -5.97544   0.0609976
          20    -5.64486    -5.95891   0.0601456
          21    -5.57507    -5.94063   0.0599945
          22    -5.55172    -5.92295   0.0598152
          23    -5.62082    -5.90982   0.0586393
          24    -5.58942    -5.89647   0.0576956
          25    -5.54944    -5.88259   0.0570332
          26    -5.56148    -5.87024   0.0561609
          27    -5.56045    -5.85876   0.0552405
          28    -5.55473     -5.8479   0.0543242
          29    -5.50443    -5.83606   0.0537266
          30    -5.52908    -5.82583   0.0529012
          31    -5.52362    -5.81608   0.0520852
          32    -5.55923    -5.80805   0.0510723
          33    -5.54725    -5.80015   0.0501324
          34    -5.61807    -5.79479   0.0489431
          35    -5.62171    -5.78985   0.0477939
          36    -5.61506    -5.78499   0.0467123
          37    -5.55744    -5.77884   0.0458529
          38    -5.54369    -5.77266   0.0450618
          39    -5.55623    -5.76711   0.0442468
          40    -5.56157    -5.76197    0.043438
          41    -5.50899     -5.7558   0.0428145
          42    -5.47456     -5.7491   0.0423155
          43    -5.52442    -5.74388   0.0416528
          44    -5.57425    -5.74002   0.0408841
          45    -5.48737    -5.73441   0.0403593
          46    -5.47427    -5.72875   0.0398761
          47     -5.5538    -5.72503   0.0392011
          48    -5.58178    -5.72204   0.0384978
          49    -5.47409    -5.71698   0.0380432
          50    -5.46951    -5.71203    0.037603
          51    -5.43758    -5.70665   0.0372487
          52    -5.37372    -5.70025   0.0370786
          53    -5.42009    -5.69496   0.0367539
          54    -5.49251    -5.69122   0.0362639
          55    -5.45332    -5.68689   0.0358616
          56    -5.36684    -5.68117   0.0356737
          57     -5.2747    -5.67404   0.0357535
          58    -5.24969    -5.66673   0.0358779
          59    -5.28153     -5.6602   0.0358589
          60     -5.2782    -5.65383    0.035822
          61    -5.33906    -5.64867   0.0356045
          62     -5.3346    -5.64361   0.0353887
          63    -5.28566    -5.63792   0.0352802
          64    -5.31658     -5.6329   0.0350844
          65    -5.28295    -5.62752   0.0349553
          66    -5.25473    -5.62187    0.034879
          67    -5.22849      -5.616   0.0348491
          68    -5.17873    -5.60957   0.0349249
          69    -5.13914    -5.60275   0.0350779
          70    -5.24011    -5.59757   0.0349572
          71    -5.24105    -5.59255   0.0348237
          72    -5.26769    -5.58804   0.0346311
          73    -5.32609    -5.58445   0.0343421
          74    -5.33619    -5.58109   0.0340414
          75    -5.30283    -5.57738   0.0337891
          76    -5.31141    -5.57388   0.0335253
          77    -5.33324    -5.57076   0.0332353
          78     -5.3644    -5.56811   0.0329143
          79     -5.3845    -5.56579   0.0325796
          80    -5.44533    -5.56428   0.0322071
          81    -5.42612    -5.56258   0.0318547
          82    -5.44234    -5.56111   0.0314999
          83    -5.46985    -5.56001   0.0311396
          84    -5.49464    -5.55923   0.0307786
          85    -5.50653    -5.55861   0.0304227
          86     -5.5004    -5.55794   0.0300765
          87    -5.55719    -5.55793   0.0297308
          88    -5.58911    -5.55828   0.0293951
          89    -5.51998    -5.55785   0.0290679
          90    -5.53313    -5.55758   0.0287463
          91     -5.4818    -5.55674   0.0284424
          92    -5.46726    -5.55577   0.0281499
          93    -5.46171    -5.55476   0.0278654
          94     -5.4117    -5.55324   0.0276105
          95    -5.44137    -5.55206   0.0273449
          96    -5.44467    -5.55094    0.027083
          97    -5.40976    -5.54949   0.0268428
          98    -5.43985    -5.54837   0.0265922
          99    -5.44262     -5.5473   0.0263451
         100    -5.48348    -5.54666   0.0260893
         101    -5.46855    -5.54589   0.0258425
         102    -5.41944    -5.54465   0.0256189
         103    -5.52554    -5.54446   0.0253708
         104    -5.54132    -5.54443   0.0251269
         105    -5.52908    -5.54429    0.024888
         106    -5.51831    -5.54404   0.0246544
         107    -5.48983    -5.54353   0.0244292
         108    -5.52656    -5.54338   0.0242035
         109    -5.52038    -5.54317   0.0239824
         110    -5.53329    -5.54308   0.0237645
         111    -5.55224    -5.54316   0.0235506
         112    -5.55171    -5.54324   0.0233404
         113    -5.56955    -5.54347    0.023135
         114    -5.56846    -5.54369   0.0229331
         115    -5.53658    -5.54363   0.0227338
         116    -5.45949     -5.5429   0.0225494
         117    -5.33718    -5.54114   0.0224251
         118    -5.36638    -5.53966   0.0222839
         119    -5.39666    -5.53846    0.022129
         120    -5.41656    -5.53744   0.0219679
         121    -5.40159    -5.53632    0.021815
         122    -5.39142    -5.53513   0.0216685
         123     -5.4461    -5.53441   0.0215045
         124    -5.52788    -5.53436   0.0213311
         125    -5.48845    -5.53399   0.0211636
         126    -5.51214    -5.53382   0.0209964
         127    -5.52188    -5.53372   0.0208312
         128    -5.50694    -5.53351   0.0206695
         129    -5.44702    -5.53284   0.0205202
         130    -5.48338    -5.53246   0.0203659
         131    -5.48042    -5.53206   0.0202143
         132    -5.47709    -5.53165   0.0200654
         133    -5.46273    -5.53113   0.0199213
         134     -5.4546    -5.53056   0.0197808
         135    -5.40023    -5.52959   0.0196578
         136    -5.50808    -5.52944   0.0195139
         137    -5.60532    -5.52999   0.0193793
         138    -5.63731    -5.53077   0.0192545
         139    -5.63132    -5.53149   0.0191295
         140    -5.54495    -5.53159   0.0189931
         141    -5.60999    -5.53214   0.0188666
         142    -5.55894    -5.53233   0.0187347
         143     -5.5726    -5.53261   0.0186058
         144    -5.56421    -5.53283   0.0184779
         145    -5.58009    -5.53316   0.0183533
         146     -5.4874    -5.53285   0.0182303
         147    -5.38462    -5.53184   0.0181341
         148    -5.46953    -5.53142   0.0180165
         149    -5.42726    -5.53072   0.0179091
         150    -5.44454    -5.53014   0.0177989
         151    -5.44513    -5.52958     0.01769
         152    -5.42891    -5.52892    0.017586
         153     -5.4411    -5.52834   0.0174804
         154    -5.43899    -5.52776   0.0173765
         155    -5.48573    -5.52749   0.0172665
         156    -5.57095    -5.52777   0.0171581
         157    -5.53176     -5.5278   0.0170488
         158    -5.51017    -5.52768   0.0169413
         159    -5.41559    -5.52698   0.0168494
         160    -5.40297     -5.5262   0.0167619
         161    -5.36375    -5.52519   0.0166881
         162    -5.31081    -5.52387   0.0166375
         163    -5.30035     -5.5225   0.0165918
         164    -5.26713    -5.52094   0.0165636
         165    -5.36253    -5.51998    0.016491
         166    -5.39953    -5.51926   0.0164076
         167    -5.42261    -5.51868   0.0163196
         168    -5.44573    -5.51824   0.0162282
         169    -5.47003    -5.51796   0.0161347
         170    -5.48578    -5.51777   0.0160409
         171    -5.43593    -5.51729   0.0159542
         172    -5.50318    -5.51721   0.0158617
         173    -5.50697    -5.51715   0.0157701
         174    -5.46473    -5.51685   0.0156823
         175    -5.43176    -5.51636   0.0156003
         176    -5.41841    -5.51581   0.0155215
         177    -5.46632    -5.51553   0.0154364
         178    -5.46826    -5.51526   0.0153519
         179    -5.40624    -5.51465   0.0152782
         180    -5.42442    -5.51415   0.0152016
         181    -5.43063    -5.51369   0.0151246
         182    -5.42548     -5.5132   0.0150493
         183    -5.45844    -5.51291     0.01497
         184    -5.51808    -5.51293   0.0148887
         185    -5.49821    -5.51285   0.0148084
         186     -5.5339    -5.51297   0.0147292
         187    -5.53681    -5.51309    0.014651
         188    -5.52901    -5.51318   0.0145733
         189    -5.49723    -5.51309   0.0144965
         190    -5.52913    -5.51318   0.0144204
         191    -5.58666    -5.51356     0.01435
         192    -5.58262    -5.51392   0.0142798
         193     -5.5042    -5.51387   0.0142059
         194    -5.47567    -5.51368    0.014134
         195    -5.51195    -5.51367   0.0140616
         196     -5.4215     -5.5132   0.0139977
         197    -5.41619     -5.5127   0.0139353
         198    -5.39912    -5.51213   0.0138767
         199    -5.43485    -5.51174   0.0138124
         200    -5.46282     -5.5115   0.0137455
         201     -5.4522     -5.5112   0.0136803
         202    -5.50354    -5.51116   0.0136126
         203    -5.53681    -5.51129   0.0135462
         204    -5.62358    -5.51184   0.0134909
         205    -5.58322    -5.51219   0.0134296
         206    -5.52991    -5.51228   0.0133647
         207    -5.45129    -5.51198   0.0133034
         208    -5.43188     -5.5116    0.013245
         209    -5.39427    -5.51103   0.0131935
         210    -5.36754    -5.51035   0.0131484
         211    -5.27545    -5.50924   0.0131331
         212    -5.24747      -5.508   0.0131291
         213     -5.2939      -5.507   0.0131059
         214     -5.2993    -5.50603   0.0130805
         215    -5.31364    -5.50513   0.0130502
         216    -5.39754    -5.50463   0.0129993
         217    -5.46093    -5.50443    0.012941
         218    -5.42875    -5.50409   0.0128863
         219     -5.4954    -5.50405   0.0128275
         220    -5.49901    -5.50402   0.0127692
         221    -5.39064    -5.50351   0.0127217
         222    -5.37341    -5.50292   0.0126779
         223     -5.4145    -5.50253   0.0126273
         224    -5.48028    -5.50243   0.0125713
         225    -5.42923     -5.5021   0.0125196
         226    -5.39616    -5.50163    0.012473
         227    -5.38368    -5.50111   0.0124289
         228    -5.31609     -5.5003   0.0124008
         229    -5.30515    -5.49945   0.0123759
         230    -5.37488    -5.49891   0.0123339
         231    -5.37519    -5.49837   0.0122922
         232    -5.42224    -5.49805   0.0122436
         233    -5.42946    -5.49775   0.0121946
         234    -5.40164    -5.49734   0.0121494
         235    -5.41911    -5.49701   0.0121022
         236    -5.43209    -5.49673   0.0120541
         237    -5.42367    -5.49642   0.0120072
         238    -5.33912    -5.49576   0.0119749
         239    -5.29271    -5.49491   0.0119549
         240    -5.25252     -5.4939   0.0119477
         241     -5.2832    -5.49303     0.01193
         242    -5.33411    -5.49237   0.0118988
         243    -5.42321    -5.49209   0.0118532
         244     -5.4276    -5.49182   0.0118076
         245    -5.49965    -5.49186   0.0117594
         246     -5.4844    -5.49183   0.0117117
         247    -5.47465    -5.49176   0.0116645
         248    -5.46578    -5.49165   0.0116179
         249    -5.45617    -5.49151   0.0115721
         250    -5.40204    -5.49115   0.0115314
         251    -5.33905    -5.49055   0.0115013
         252    -5.49325    -5.49056   0.0114557
         253    -5.55374    -5.49081   0.0114131
         254    -5.54061      -5.491   0.0113699
         255    -5.51578     -5.4911   0.0113257
         256    -5.44517    -5.49092   0.0112829
         257    -5.46845    -5.49083   0.0112393
         258    -5.45258    -5.49068   0.0111968
         259    -5.46283    -5.49058    0.011154
         260    -5.46488    -5.49048   0.0111116
         261    -5.49342    -5.49049    0.011069
         262    -5.46811     -5.4904   0.0110271
         263    -5.51171    -5.49048   0.0109855
         264    -5.59803    -5.49089   0.0109514
         265    -5.57988    -5.49123   0.0109152
         266     -5.6193    -5.49171   0.0108848
         267    -5.69651    -5.49248    0.010871
         268     -5.6722    -5.49315   0.0108511
         269    -5.64252     -5.4937    0.010825
         270    -5.57951    -5.49402   0.0107896
         271    -5.64776    -5.49459   0.0107646
         272     -5.6193    -5.49505   0.0107348
         273    -5.61183    -5.49547    0.010704
         274    -5.61215     -5.4959   0.0106734
         275    -5.55268    -5.49611   0.0106366
         276    -5.51265    -5.49617   0.0105982
         277    -5.46828    -5.49606   0.0105605
         278    -5.38014    -5.49565   0.0105307
         279    -5.31621      -5.495   0.0105126
         280    -5.41976    -5.49474   0.0104785
         281    -5.39039    -5.49436   0.0104478
         282    -5.46566    -5.49426   0.0104112
         283    -5.39863    -5.49392   0.0103799
         284    -5.39107    -5.49356   0.0103497
         285    -5.36692    -5.49312   0.0103229
         286    -5.37467     -5.4927   0.0102951
         287    -5.41162    -5.49242   0.0102631
         288    -5.44887    -5.49227   0.0102286
         289    -5.47378    -5.49221   0.0101934
         290    -5.45537    -5.49208    0.010159
         291    -5.46656    -5.49199   0.0101245
         292    -5.45446    -5.49186   0.0100906
         293     -5.4685    -5.49178   0.0100565
         294    -5.47384    -5.49172   0.0100225
         295    -5.43564    -5.49153  0.00999033
         296    -5.49452    -5.49154  0.00995658
         297    -5.48285    -5.49151   0.0099231
         298    -5.53337    -5.49165  0.00989079
         299    -5.54764    -5.49184  0.00985949
         300    -5.52219    -5.49194  0.00982714
         301    -5.48013     -5.4919  0.00979457
         302    -5.46196     -5.4918  0.00976264
         303    -5.49614    -5.49182  0.00973043
         304     -5.5133    -5.49189  0.00969868
         305    -5.51113    -5.49195  0.00966709
         306    -5.50541      -5.492  0.00963559
         307    -5.51383    -5.49207  0.00960447
         308    -5.43041    -5.49187  0.00957537
         309    -5.45344    -5.49174  0.00954519
         310    -5.44132    -5.49158  0.00951579
         311    -5.44843    -5.49144   0.0094862
         312    -5.37525    -5.49107   0.0094631
         313    -5.45704    -5.49096  0.00943349
         314    -5.47418    -5.49091   0.0094036
         315    -5.48044    -5.49087  0.00937381
         316    -5.52251    -5.49097  0.00934468
         317    -5.45427    -5.49086  0.00931592
         318    -5.50582     -5.4909  0.00928674
         319    -5.54652    -5.49108  0.00925927
         320    -5.61036    -5.49145  0.00923783
         321    -5.47914    -5.49141  0.00920913
         322    -5.35218    -5.49098  0.00919068
         323    -5.40736    -5.49072  0.00916587
         324    -5.43171    -5.49054  0.00913939
         325    -5.46253    -5.49045  0.00911167
         326     -5.4268    -5.49026  0.00908581
         327    -5.50258     -5.4903  0.00905811
         328    -5.50743    -5.49035  0.00903064
         329     -5.5151    -5.49042  0.00900351
         330    -5.58011     -5.4907  0.00898032
         331    -5.58318    -5.49097  0.00895754
         332    -5.50937    -5.49103  0.00893073
         333    -5.58211     -5.4913   0.0089081
         334     -5.6254     -5.4917  0.00889047
         335    -5.60203    -5.49203  0.00887003
         336    -5.57654    -5.49229  0.00884719
         337    -5.59383    -5.49259  0.00882607
         338    -5.66338    -5.49309  0.00881441
         339    -5.64634    -5.49354  0.00879999
         340     -5.6029    -5.49387  0.00877999
         341     -5.6762     -5.4944  0.00877051
         342    -5.62533    -5.49478  0.00875321
         343    -5.64008    -5.49521  0.00873794
         344    -5.68365    -5.49576  0.00872969
         345    -5.67796    -5.49628  0.00872035
         346    -5.66098    -5.49676  0.00870813
         347    -5.76776    -5.49754  0.00871798
         348    -5.66869    -5.49803  0.00870679
         349    -5.62293    -5.49839  0.00868919
         350     -5.6841    -5.49892  0.00868055
         351    -5.62268    -5.49927  0.00866298
         352    -5.59186    -5.49954  0.00864236
         353    -5.54786    -5.49967  0.00861896
         354    -5.60649    -5.49997   0.0085999
         355     -5.5788     -5.5002  0.00857854
         356    -5.61857    -5.50053  0.00856088
         357    -5.71151    -5.50112  0.00855728
         358    -5.67041    -5.50159  0.00854643
         359    -5.53465    -5.50169  0.00852312
         360    -5.57354    -5.50188  0.00850178
         361    -5.65639    -5.50231  0.00848899
         362    -5.66864    -5.50277  0.00847797
         363    -5.62349     -5.5031  0.00846113
         364    -5.62931    -5.50345  0.00844499
         365    -5.60548    -5.50373  0.00842648
         366    -5.57884    -5.50394  0.00840595
         367    -5.54748    -5.50405  0.00838389
         368    -5.59315     -5.5043   0.0083646
         369    -5.54055     -5.5044  0.00834251
         370    -5.49136    -5.50436  0.00832004
         371    -5.43883    -5.50418  0.00829948
         372    -5.40133    -5.50391  0.00828178
         373    -5.47941    -5.50384  0.00825984
         374    -5.52007    -5.50388  0.00823786
         375    -5.50254    -5.50388   0.0082159
         376    -5.61296    -5.50417  0.00819917
         377     -5.5774    -5.50437  0.00817972
         378    -5.47899     -5.5043  0.00815835
         379    -5.53342    -5.50438  0.00813719
         380    -5.57267    -5.50455  0.00811776
         381    -5.52903    -5.50462  0.00809671
         382    -5.61088     -5.5049  0.00808029
         383     -5.6565    -5.50529  0.00806888
         384     -5.5947    -5.50553  0.00805123
         385    -5.52171    -5.50557  0.00803043
         386    -5.52898    -5.50563  0.00800985
         387    -5.51262    -5.50565  0.00798917
         388    -5.50527    -5.50565  0.00796858
         389      -5.537    -5.50573  0.00794851
         390    -5.48537    -5.50567   0.0079283
         391    -5.44933    -5.50553  0.00790933
         392    -5.55163    -5.50565  0.00789003
         393    -5.52807     -5.5057  0.00787016
         394    -5.54352     -5.5058  0.00785077
         395    -5.48703    -5.50575  0.00783104
         396    -5.47953    -5.50569  0.00781154
         397    -5.54346    -5.50578  0.00779244
         398    -5.57494    -5.50596   0.0077748
         399    -5.61745    -5.50624  0.00776034
         400      -5.518    -5.50626  0.00774099
         401     -5.5363    -5.50634  0.00772205
         402    -5.61845    -5.50662  0.00770787
         403    -5.52412    -5.50666  0.00768887
         404    -5.55599    -5.50678  0.00767081
         405    -5.50586    -5.50678  0.00765187
         406    -5.53679    -5.50686  0.00763338
         407    -5.52416     -5.5069  0.00761474
         408    -5.50759     -5.5069  0.00759608
         409     -5.4712    -5.50681  0.00757801
         410    -5.49778    -5.50679  0.00755956
         411    -5.44125    -5.50663  0.00754284
         412    -5.53647     -5.5067  0.00752488
         413    -5.57118    -5.50686  0.00750828
         414    -5.58658    -5.50705  0.00749262
         415     -5.5677     -5.5072  0.00747599
         416    -5.57305    -5.50736  0.00745969
         417    -5.59559    -5.50757   0.0074448
         418    -5.62985    -5.50786  0.00743274
         419    -5.62783    -5.50815  0.00742051
         420    -5.58598    -5.50833  0.00740516
         421     -5.5587    -5.50845  0.00738853
         422    -5.53057     -5.5085  0.00737121
         423    -5.55974    -5.50863  0.00735478
         424    -5.67079    -5.50901  0.00734737
         425    -5.61237    -5.50925  0.00733411
         426    -5.65206    -5.50959  0.00732455
         427    -5.64963    -5.50991  0.00731473
         428    -5.63021     -5.5102  0.00730304
         429    -5.68052    -5.51059   0.0072968
         430    -5.65882    -5.51094  0.00728797
         431    -5.59803    -5.51114  0.00727386
         432    -5.61151    -5.51137  0.00726073
         433    -5.61435    -5.51161  0.00724786
         434    -5.60193    -5.51182  0.00723415
         435    -5.60154    -5.51202  0.00722046
         436    -5.54647     -5.5121  0.00720433
         437    -5.47749    -5.51202  0.00718828
         438    -5.45402    -5.51189  0.00717309
         439    -5.50115    -5.51187  0.00715679
         440    -5.54092    -5.51193  0.00714083
         441    -5.49841     -5.5119   0.0071247
         442    -5.50103    -5.51188  0.00710862
         443    -5.56942    -5.51201  0.00709376
         444    -5.63689    -5.51229  0.00708336
         445      -5.627    -5.51255  0.00707213
         446    -5.57192    -5.51268  0.00705753
         447    -5.54482    -5.51275  0.00704211
         448    -5.56179    -5.51286  0.00702724
         449    -5.53155     -5.5129  0.00701171
         450    -5.53223    -5.51295  0.00699626
         451    -5.51298    -5.51295  0.00698075
         452    -5.51518    -5.51295   0.0069653
         453    -5.51927    -5.51296  0.00694994
         454    -5.64079    -5.51325  0.00694034
         455    -5.67101    -5.51359  0.00693374
         456    -5.61981    -5.51383  0.00692244
         457    -5.58909    -5.51399  0.00690926
         458    -5.52097    -5.51401  0.00689419
         459    -5.53613    -5.51405  0.00687933
         460    -5.56708    -5.51417  0.00686535
         461    -5.63127    -5.51442  0.00685515
         462    -5.66719    -5.51475  0.00684828
         463    -5.60068    -5.51494  0.00683601
         464    -5.58102    -5.51508  0.00682276
         465    -5.49838    -5.51505  0.00680818
         466    -5.47455    -5.51496  0.00679412
         467    -5.43669    -5.51479  0.00678164
         468    -5.48038    -5.51472  0.00676755
         469    -5.52814    -5.51475  0.00675318
         470    -5.50996    -5.51474  0.00673882
         471    -5.52598    -5.51476  0.00672455
         472    -5.54228    -5.51482  0.00671056
         473    -5.51066    -5.51481  0.00669638
         474    -5.54777    -5.51488  0.00668261
         475    -5.50245    -5.51485  0.00666859
         476    -5.40469    -5.51462   0.0066586
         477    -5.46128    -5.51451  0.00664558
         478    -5.43746    -5.51435  0.00663363
         479    -5.37897    -5.51407   0.0066258
         480    -5.39114    -5.51381  0.00661694
         481    -5.35735    -5.51348  0.00661118
         482    -5.35384    -5.51315  0.00660575
         483    -5.39291     -5.5129  0.00659677
         484    -5.39107    -5.51265  0.00658794
         485    -5.52326    -5.51267  0.00657439
         486      -5.561    -5.51277  0.00656161
         487    -5.65347    -5.51306   0.0065545
         488    -5.64632    -5.51334  0.00654675
         489    -5.60018    -5.51351  0.00653577
         490    -5.64401    -5.51378  0.00652786
         491    -5.60042    -5.51396  0.00651695
         492    -5.61708    -5.51417  0.00650707
         493    -5.52989     -5.5142  0.00649395
         494     -5.5367    -5.51424  0.00648096
         495    -5.48825    -5.51419  0.00646808
         496    -5.44366    -5.51405  0.00645661
         497    -5.37613    -5.51377  0.00644958
         498    -5.34826    -5.51344  0.00644518
         499    -5.28485    -5.51298  0.00644853
         500    -5.33876    -5.51263  0.00644504
