           1         1.2         1.2           0
           2         1.2         1.2           0
           3         1.2         1.2           0
           4         1.2         1.2           0
           5         1.2         1.2           0
           6         1.2         1.2           0
           7         1.2         1.2           0
           8         1.2         1.2           0
           9         1.2         1.2           0
          10         1.2         1.2   6.664e-09
          11         1.2         1.2 6.35388e-09
          12         1.2         1.2 6.08337e-09
          13         1.2         1.2 5.84472e-09
          14         1.2         1.2 5.63211e-09
          15         1.2         1.2           0
          16         1.2         1.2           0
          17         1.2         1.2           0
          18         1.2         1.2 6.08337e-09
          19         1.2         1.2 5.92112e-09
          20         1.2         1.2 5.77119e-09
          21         1.2         1.2 5.63211e-09
          22         1.2         1.2 5.50262e-09
          23         1.2         1.2  6.9477e-09
          24         1.2         1.2 6.80142e-09
          25         1.2         1.2 5.96046e-09
          26         1.2         1.2 5.84472e-09
          27         1.2         1.2 4.96705e-09
          28         1.2         1.2 4.87755e-09
          29         1.2         1.2           0
          30         1.2         1.2           0
          31         1.2         1.2 5.35266e-09
          32         1.2         1.2 5.26836e-09
          33         1.2         1.2 5.18792e-09
          34         1.2         1.2 6.76129e-09
          35         1.2         1.2   6.664e-09
          36         1.2         1.2 6.57079e-09
          37         1.2         1.2 6.48139e-09
          38         1.2         1.2 7.64413e-09
          39         1.2         1.2  7.5455e-09
          40         1.2         1.2 7.45058e-09
          41         1.2         1.2 7.35916e-09
          42         1.2         1.2 8.60319e-09
          43         1.2         1.2 8.50256e-09
          44         1.2         1.2 8.40539e-09
          45         1.2         1.2 8.00913e-09
          46         1.2         1.2 8.22063e-09
          47         1.2         1.2 8.69423e-09
          48         1.2         1.2 8.60319e-09
          49         1.2         1.2 8.51495e-09
          50         1.2         1.2 8.42937e-09
          51         1.2         1.2 8.34632e-09
          52         1.2         1.2 8.52006e-09
          53         1.2         1.2  8.4393e-09
          54         1.2         1.2  8.3608e-09
          55         1.2         1.2 8.28444e-09
          56         1.2         1.2 8.21014e-09
          57         1.2         1.2  8.1378e-09
          58         1.2         1.2 8.06734e-09
          59         1.2         1.2 7.99868e-09
          60         1.2         1.2 8.81565e-09
          61         1.2         1.2 8.74309e-09
          62         1.2         1.2 8.67229e-09
          63         1.2         1.2 8.60319e-09
          64         1.2         1.2 8.53571e-09
          65         1.2         1.2  8.4698e-09
          66         1.2         1.2 8.40539e-09
          67         1.2         1.2 8.34243e-09
          68         1.2         1.2 8.28086e-09
          69         1.2         1.2 8.22063e-09
          70         1.2         1.2 8.72523e-09
          71         1.2         1.2 8.66356e-09
          72         1.2         1.2 8.60319e-09
          73         1.2         1.2 8.54406e-09
          74         1.2         1.2 8.48613e-09
          75         1.2         1.2 8.42937e-09
          76         1.2         1.2 8.37373e-09
          77         1.2         1.2 8.31918e-09
          78         1.2         1.2 8.26568e-09
          79         1.2         1.2  8.2132e-09
          80         1.2         1.2  8.1617e-09
          81         1.2         1.2 8.11116e-09
          82         1.2         1.2 8.06155e-09
          83         1.2         1.2 8.01284e-09
          84         1.2         1.2 7.96501e-09
          85         1.2         1.2 7.91801e-09
          86         1.2         1.2 8.34935e-09
          87         1.2         1.2 8.30123e-09
          88         1.2         1.2 8.25393e-09
          89         1.2         1.2 8.20743e-09
          90         1.2         1.2  8.1617e-09
          91         1.2         1.2 8.11673e-09
          92         1.2         1.2  8.0725e-09
          93         1.2         1.2 8.02898e-09
          94         1.2         1.2 7.98616e-09
          95         1.2         1.2 7.94402e-09
          96         1.2         1.2 7.90253e-09
          97         1.2         1.2 7.86169e-09
          98         1.2         1.2 7.82148e-09
          99         1.2         1.2 7.78188e-09
         100         1.2         1.2 7.74287e-09
         101         1.2         1.2 7.70444e-09
         102         1.2         1.2 7.66658e-09
         103         1.2         1.2 7.62928e-09
         104         1.2         1.2 7.59251e-09
         105         1.2         1.2 7.55627e-09
         106         1.2         1.2 7.52054e-09
         107         1.2         1.2 7.48532e-09
         108         1.2         1.2 7.16932e-09
         109         1.2         1.2 7.13636e-09
         110         1.2         1.2 6.96032e-09
         111         1.2         1.2  6.9289e-09
         112         1.2         1.2 6.45239e-09
         113         1.2         1.2 6.42378e-09
         114         1.2         1.2 6.08337e-09
         115         1.2         1.2 6.05687e-09
         116         1.2         1.2 5.53415e-09
         117         1.2         1.2 5.51045e-09
         118         1.2         1.2 5.13267e-09
         119         1.2         1.2 5.11106e-09
         120         1.2         1.2 4.71216e-09
         121         1.2         1.2 4.69265e-09
         122         1.2         1.2 4.04726e-09
         123         1.2         1.2 4.03078e-09
         124         1.2         1.2 4.01449e-09
         125         1.2         1.2 3.52626e-09
         126         1.2         1.2 3.51224e-09
         127         1.2         1.2 2.64453e-09
         128         1.2         1.2 2.63418e-09
         129         1.2         1.2 2.62395e-09
         130         1.2         1.2 1.84826e-09
         131         1.2         1.2 1.84119e-09
         132         1.2         1.2           0
         133         1.2         1.2           0
         134         1.2         1.2           0
         135         1.2         1.2 2.22133e-09
         136         1.2         1.2 2.21315e-09
         137         1.2         1.2 2.20506e-09
         138         1.2         1.2 2.83639e-09
         139         1.2         1.2 2.82617e-09
         140         1.2         1.2 2.81605e-09
         141         1.2         1.2  3.5494e-09
         142         1.2         1.2 3.53688e-09
         143         1.2         1.2  3.5245e-09
         144         1.2         1.2  3.9268e-09
         145         1.2         1.2 3.91324e-09
         146         1.2         1.2 3.89981e-09
         147         1.2         1.2 3.88652e-09
         148         1.2         1.2 4.24307e-09
         149         1.2         1.2  4.2288e-09
         150         1.2         1.2 4.21468e-09
         151         1.2         1.2 4.69653e-09
         152         1.2         1.2 4.68106e-09
         153         1.2         1.2 4.66573e-09
         154         1.2         1.2 4.49287e-09
         155         1.2         1.2 4.78756e-09
         156         1.2         1.2 4.77219e-09
         157         1.2         1.2 4.75697e-09
         158         1.2         1.2 4.74189e-09
         159         1.2         1.2 5.15108e-09
         160         1.2         1.2 5.13496e-09
         161         1.2         1.2 5.11899e-09
         162         1.2         1.2 5.10316e-09
         163         1.2         1.2 5.34855e-09
         164         1.2         1.2 5.33222e-09
         165         1.2         1.2 5.31603e-09
         166         1.2         1.2     5.3e-09
         167         1.2         1.2 5.53001e-09
         168         1.2         1.2 5.51353e-09
         169         1.2         1.2 5.49719e-09
         170         1.2         1.2   5.481e-09
         171         1.2         1.2 5.81044e-09
         172         1.2         1.2 5.79352e-09
         173         1.2         1.2 5.77675e-09
         174         1.2         1.2 5.76013e-09
         175         1.2         1.2 5.74365e-09
         176         1.2         1.2 5.94351e-09
         177         1.2         1.2 5.92669e-09
         178         1.2         1.2 6.01463e-09
         179         1.2         1.2 5.99781e-09
         180         1.2         1.2 5.98112e-09
         181         1.2         1.2  6.2655e-09
         182         1.2         1.2 6.24826e-09
         183         1.2         1.2 6.23117e-09
         184         1.2         1.2 6.21421e-09
         185         1.2         1.2  6.1974e-09
         186         1.2         1.2 6.37093e-09
         187         1.2         1.2 6.35388e-09
         188         1.2         1.2 6.33696e-09
         189         1.2         1.2 6.32017e-09
         190         1.2         1.2 6.30351e-09
         191         1.2         1.2 6.28699e-09
         192         1.2         1.2 6.45239e-09
         193         1.2         1.2 6.43565e-09
         194         1.2         1.2 6.41905e-09
         195         1.2         1.2 6.40257e-09
         196         1.2         1.2 6.38621e-09
         197         1.2         1.2 6.63009e-09
         198         1.2         1.2 6.61332e-09
         199         1.2         1.2 6.59669e-09
         200         1.2         1.2 6.58017e-09
         201         1.2         1.2 6.56379e-09
         202         1.2         1.2 6.54752e-09
         203         1.2         1.2 6.53137e-09
         204         1.2         1.2 6.68032e-09
         205         1.2         1.2 6.58223e-09
         206         1.2         1.2 6.56624e-09
         207         1.2         1.2 6.55036e-09
         208         1.2         1.2 6.53459e-09
         209         1.2         1.2 6.51894e-09
         210         1.2         1.2 6.74287e-09
         211         1.2         1.2 6.72687e-09
         212         1.2         1.2 6.71099e-09
         213         1.2         1.2 6.69522e-09
         214         1.2         1.2 6.67955e-09
         215         1.2         1.2   6.664e-09
         216         1.2         1.2 6.64856e-09
         217         1.2         1.2 6.78573e-09
         218         1.2         1.2 6.77015e-09
         219         1.2         1.2 6.75467e-09
         220         1.2         1.2  6.7393e-09
         221         1.2         1.2 6.72404e-09
         222         1.2         1.2 6.70888e-09
         223         1.2         1.2 6.69382e-09
         224         1.2         1.2 6.67886e-09
         225         1.2         1.2 6.81048e-09
         226         1.2         1.2  6.7954e-09
         227         1.2         1.2 6.78041e-09
         228         1.2         1.2 6.76553e-09
         229         1.2         1.2 6.75074e-09
         230         1.2         1.2 6.73605e-09
         231         1.2         1.2 6.72145e-09
         232         1.2         1.2 6.70695e-09
         233         1.2         1.2 6.90283e-09
         234         1.2         1.2 6.88806e-09
         235         1.2         1.2 6.87339e-09
         236         1.2         1.2 6.85882e-09
         237         1.2         1.2 6.84433e-09
         238         1.2         1.2 6.82994e-09
         239         1.2         1.2 6.81563e-09
         240         1.2         1.2 6.80142e-09
         241         1.2         1.2 6.78729e-09
         242         1.2         1.2 6.90739e-09
         243         1.2         1.2 6.89316e-09
         244         1.2         1.2 6.87902e-09
         245         1.2         1.2 6.86497e-09
         246         1.2         1.2   6.851e-09
         247         1.2         1.2 6.83712e-09
         248         1.2         1.2 6.82332e-09
         249         1.2         1.2 6.80961e-09
         250         1.2         1.2 6.79598e-09
         251         1.2         1.2 6.97533e-09
         252         1.2         1.2 6.96147e-09
         253         1.2         1.2  6.9477e-09
         254         1.2         1.2 6.93401e-09
         255         1.2         1.2  6.9204e-09
         256         1.2         1.2 6.90687e-09
         257         1.2         1.2 6.89342e-09
         258         1.2         1.2 6.88005e-09
         259         1.2         1.2 6.86676e-09
         260         1.2         1.2 6.85354e-09
         261         1.2         1.2  6.8404e-09
         262         1.2         1.2 6.95035e-09
         263         1.2         1.2 6.93713e-09
         264         1.2         1.2 6.92398e-09
         265         1.2         1.2  6.9109e-09
         266         1.2         1.2  6.8979e-09
         267         1.2         1.2 6.88497e-09
         268         1.2         1.2 6.87211e-09
         269         1.2         1.2 6.85933e-09
         270         1.2         1.2 6.84661e-09
         271         1.2         1.2 6.83397e-09
         272         1.2         1.2 6.82139e-09
         273         1.2         1.2 6.92731e-09
         274         1.2         1.2 6.91466e-09
         275         1.2         1.2 6.90208e-09
         276         1.2         1.2 6.88956e-09
         277         1.2         1.2 6.87711e-09
         278         1.2         1.2 6.86473e-09
         279         1.2         1.2 6.85242e-09
         280         1.2         1.2 6.84017e-09
         281         1.2         1.2 6.82799e-09
         282         1.2         1.2 6.81587e-09
         283         1.2         1.2 6.80382e-09
         284         1.2         1.2 6.79183e-09
         285         1.2         1.2 6.95014e-09
         286         1.2         1.2 6.93798e-09
         287         1.2         1.2 6.92588e-09
         288         1.2         1.2 6.91385e-09
         289         1.2         1.2 6.90187e-09
         290         1.2         1.2 6.88996e-09
         291         1.2         1.2 6.87812e-09
         292         1.2         1.2 6.86633e-09
         293         1.2         1.2  6.8546e-09
         294         1.2         1.2 6.84293e-09
         295         1.2         1.2 6.83133e-09
         296         1.2         1.2 6.81978e-09
         297         1.2         1.2 6.80829e-09
         298         1.2         1.2 6.90561e-09
         299         1.2         1.2 6.89405e-09
         300         1.2         1.2 6.88255e-09
         301         1.2         1.2 6.87111e-09
         302         1.2         1.2 6.85972e-09
         303         1.2         1.2 6.84839e-09
         304         1.2         1.2 6.83712e-09
         305         1.2         1.2  6.8259e-09
         306         1.2         1.2 6.81474e-09
         307         1.2         1.2 6.80363e-09
         308         1.2         1.2 6.79258e-09
         309         1.2         1.2 6.78158e-09
         310         1.2         1.2 6.77063e-09
         311         1.2         1.2 6.75974e-09
         312         1.2         1.2  6.7489e-09
         313         1.2         1.2 6.89422e-09
         314         1.2         1.2 6.88324e-09
         315         1.2         1.2  6.8723e-09
         316         1.2         1.2 6.86142e-09
         317         1.2         1.2 6.85059e-09
         318         1.2         1.2 6.83981e-09
         319         1.2         1.2 6.82908e-09
         320         1.2         1.2  6.8184e-09
         321         1.2         1.2 6.80777e-09
         322         1.2         1.2 6.79719e-09
         323         1.2         1.2 6.78666e-09
         324         1.2         1.2 6.77618e-09
         325         1.2         1.2 6.76575e-09
         326         1.2         1.2 6.75536e-09
         327         1.2         1.2 6.74503e-09
         328         1.2         1.2 6.73474e-09
         329         1.2         1.2 6.82412e-09
         330         1.2         1.2 6.81377e-09
         331         1.2         1.2 6.80347e-09
         332         1.2         1.2 6.79322e-09
         333         1.2         1.2 6.78301e-09
         334         1.2         1.2 6.77285e-09
         335         1.2         1.2 6.76273e-09
         336         1.2         1.2 6.75266e-09
         337         1.2         1.2 6.74264e-09
         338         1.2         1.2 6.73265e-09
         339         1.2         1.2 6.72272e-09
         340         1.2         1.2 6.71282e-09
         341         1.2         1.2 6.70297e-09
         342         1.2         1.2 6.64449e-09
         343         1.2         1.2  6.6348e-09
         344         1.2         1.2 6.62514e-09
         345         1.2         1.2 6.61554e-09
         346         1.2         1.2 6.70241e-09
         347         1.2         1.2 6.69275e-09
         348         1.2         1.2 6.68312e-09
         349         1.2         1.2 6.67354e-09
         350         1.2         1.2   6.664e-09
         351         1.2         1.2  6.6545e-09
         352         1.2         1.2 6.64504e-09
         353         1.2         1.2 6.63562e-09
         354         1.2         1.2 6.62625e-09
         355         1.2         1.2 6.61691e-09
         356         1.2         1.2 6.60761e-09
         357         1.2         1.2 6.64531e-09
         358         1.2         1.2 6.68259e-09
         359         1.2         1.2 6.71946e-09
         360         1.2         1.2 6.71012e-09
         361         1.2         1.2 6.74656e-09
         362         1.2         1.2  6.7826e-09
         363         1.2         1.2 6.77326e-09
         364         1.2         1.2 6.80889e-09
         365         1.2         1.2 6.84414e-09
         366         1.2         1.2 6.96666e-09
         367         1.2         1.2 7.00051e-09
         368         1.2         1.2 7.03401e-09
         369         1.2         1.2 7.02447e-09
         370         1.2         1.2 7.05762e-09
         371         1.2         1.2 7.09043e-09
         372         1.2         1.2  7.0809e-09
         373         1.2         1.2 7.11337e-09
         374         1.2         1.2 7.14552e-09
         375         1.2         1.2 7.13598e-09
         376         1.2         1.2  7.1678e-09
         377         1.2         1.2 7.19931e-09
         378         1.2         1.2 7.18978e-09
         379         1.2         1.2 7.22097e-09
         380         1.2         1.2 7.25186e-09
         381         1.2         1.2 7.24234e-09
         382         1.2         1.2 7.27293e-09
         383         1.2         1.2 7.26342e-09
         384         1.2         1.2 7.29371e-09
         385         1.2         1.2 7.32371e-09
         386         1.2         1.2 7.31422e-09
         387         1.2         1.2 7.34393e-09
         388         1.2         1.2 7.41208e-09
         389         1.2         1.2   7.441e-09
         390         1.2         1.2 7.46966e-09
         391         1.2         1.2  7.4601e-09
         392         1.2         1.2  7.4885e-09
         393         1.2         1.2 7.47896e-09
         394         1.2         1.2  7.5071e-09
         395         1.2         1.2 7.53498e-09
         396         1.2         1.2 7.52546e-09
         397         1.2         1.2 7.55309e-09
         398         1.2         1.2  7.5436e-09
         399         1.2         1.2 7.57098e-09
         400         1.2         1.2 7.56151e-09
         401         1.2         1.2 7.58865e-09
         402         1.2         1.2 7.61556e-09
         403         1.2         1.2  7.6061e-09
         404         1.2         1.2 7.63277e-09
         405         1.2         1.2 7.62334e-09
         406         1.2         1.2 7.64978e-09
         407         1.2         1.2 7.64038e-09
         408         1.2         1.2 7.66658e-09
         409         1.2         1.2 7.65721e-09
         410         1.2         1.2 7.68319e-09
         411         1.2         1.2 7.70896e-09
         412         1.2         1.2 7.69959e-09
         413         1.2         1.2 7.82884e-09
         414         1.2         1.2 7.81938e-09
         415         1.2         1.2 7.84413e-09
         416         1.2         1.2  7.8347e-09
         417         1.2         1.2 7.85925e-09
         418         1.2         1.2 7.84984e-09
         419         1.2         1.2 7.87419e-09
         420         1.2         1.2 7.86481e-09
         421         1.2         1.2 7.88897e-09
         422         1.2         1.2 7.87961e-09
         423         1.2         1.2 7.90357e-09
         424         1.2         1.2 7.89425e-09
         425         1.2         1.2 7.91801e-09
         426         1.2         1.2 7.90872e-09
         427         1.2         1.2  7.9323e-09
         428         1.2         1.2 7.82419e-09
         429         1.2         1.2 7.84811e-09
         430         1.2         1.2 7.77282e-09
         431         1.2         1.2 7.79691e-09
         432         1.2         1.2 7.68824e-09
         433         1.2         1.2 7.71268e-09
         434         1.2         1.2 7.63709e-09
         435         1.2         1.2 7.66169e-09
         436         1.2         1.2 7.58606e-09
         437         1.2         1.2 7.51002e-09
         438         1.2         1.2 7.50144e-09
         439         1.2         1.2 7.45906e-09
         440         1.2         1.2 7.45058e-09
         441         1.2         1.2 7.37416e-09
         442         1.2         1.2 7.36582e-09
         443         1.2         1.2 7.28905e-09
         444         1.2         1.2  7.3151e-09
         445         1.2         1.2 7.23827e-09
         446         1.2         1.2  7.2645e-09
         447         1.2         1.2 7.15295e-09
         448         1.2         1.2 7.17956e-09
         449         1.2         1.2 7.10227e-09
         450         1.2         1.2 7.12906e-09
         451         1.2         1.2 7.01668e-09
         452         1.2         1.2 7.04387e-09
         453         1.2         1.2 6.96608e-09
         454         1.2         1.2 6.95841e-09
         455         1.2         1.2 6.91556e-09
         456         1.2         1.2 6.90797e-09
         457         1.2         1.2 6.82964e-09
         458         1.2         1.2 6.82218e-09
         459         1.2         1.2 6.77916e-09
         460         1.2         1.2 6.77178e-09
         461         1.2         1.2 6.65677e-09
         462         1.2         1.2  6.6856e-09
         463         1.2         1.2 6.60618e-09
         464         1.2         1.2 6.63522e-09
         465         1.2         1.2 6.55564e-09
         466         1.2         1.2 6.58488e-09
         467         1.2         1.2 6.46849e-09
         468         1.2         1.2 6.46158e-09
         469         1.2         1.2 6.41791e-09
         470         1.2         1.2 6.41107e-09
         471         1.2         1.2 6.33022e-09
         472         1.2         1.2 6.32352e-09
         473         1.2         1.2 6.31683e-09
         474         1.2         1.2 6.27293e-09
         475         1.2         1.2 6.26633e-09
         476         1.2         1.2 6.22237e-09
         477         1.2         1.2 6.21584e-09
         478         1.2         1.2 6.09609e-09
         479         1.2         1.2 6.12766e-09
         480         1.2         1.2 6.04523e-09
         481         1.2         1.2 6.07705e-09
         482         1.2         1.2 6.07074e-09
         483         1.2         1.2 5.94966e-09
         484         1.2         1.2 5.98198e-09
         485         1.2         1.2  5.8987e-09
         486         1.2         1.2 5.93127e-09
         487         1.2         1.2 5.84772e-09
         488         1.2         1.2 5.84172e-09
         489         1.2         1.2 5.75741e-09
         490         1.2         1.2 5.75153e-09
         491         1.2         1.2 5.74567e-09
         492         1.2         1.2 5.70038e-09
         493         1.2         1.2  5.6946e-09
         494         1.2         1.2 5.60926e-09
         495         1.2         1.2 5.60359e-09
         496         1.2         1.2 5.51739e-09
         497         1.2         1.2 5.55222e-09
         498         1.2         1.2 5.54664e-09
         499         1.2         1.2 5.46018e-09
         500         1.2         1.2 5.49528e-09
