         0.5   -0.973136   -0.969884  0.00175292
         0.5   -0.973016   -0.970372  0.00160777
         0.6   -0.937016   -0.933416  0.00147354
         0.6   -0.936856   -0.933473  0.00145629
         0.5    -1.00281    -1.00276 0.000960522
         0.5    -1.00279    -1.00288 0.000936039
         0.6   -0.960402   -0.965412  0.00152501
         0.6    -0.96042   -0.965541  0.00152925
         0.5    -1.00308    -1.00343  0.00101757
         0.5    -1.00316    -1.00351   0.0010268
         0.6    -0.96093   -0.963511  0.00144835
         0.6   -0.961018   -0.963553  0.00144726
