         0.5     77.4488     74.9234     1.62447
         0.5     77.4375     75.3478     1.49475
         0.6     45.0369     42.9066     1.08699
         0.6     45.0187     42.9394     1.08542
         0.5     89.5844     89.8585    0.686621
         0.5     89.5546     89.9338    0.666656
         0.6      54.216     56.9959    0.909429
         0.6     54.1853     57.0534    0.911929
         0.5     87.7948     90.2204    0.784513
         0.5     87.8129     90.2727    0.790115
         0.6     55.2082     56.2191    0.708762
         0.6     55.2022     56.2367     0.70864
