         0.5   -0.243012  -0.0267202    0.102604
         0.5   -0.243336  -0.0379234    0.104479
         0.6   -0.407488  -0.0280456   0.0488956
         0.6   -0.408012  -0.0274728   0.0489941
         0.5    0.924724    0.899498   0.0201614
         0.5    0.924508    0.900352   0.0201057
         0.6    0.540096    0.702459   0.0176304
         0.6    0.539384    0.703249   0.0177443
         0.5    0.900556    0.882696   0.0165889
         0.5    0.900616    0.883217   0.0166466
         0.6    0.664512    0.655333   0.0200825
         0.6     0.66452     0.65533   0.0200744
