         0.5    0.334129    0.351619   0.0137023
         0.5    0.335781    0.347684   0.0122455
         0.6    0.395608    0.409568  0.00785482
         0.6    0.396005    0.409086  0.00755752
         0.5    0.266206    0.267523   0.0134776
         0.5    0.265419    0.264543   0.0124771
         0.6    0.445528    0.472908   0.0101728
         0.6    0.446033    0.472423   0.0100293
         0.5    0.284565    0.265276   0.0142271
         0.5    0.284419    0.263362   0.0143273
         0.6    0.535412    0.484783  0.00699568
         0.6    0.535237    0.484047  0.00701534
