         0.5   -0.973296   -0.973753 0.000945394
         0.6   -0.930288   -0.935709  0.00119663
         0.7   -0.890536   -0.891713 0.000674759
         0.8   -0.848536   -0.848723 0.000594229
         0.9   -0.798912   -0.804085 0.000503657
           1   -0.758336   -0.761677 0.000641964
         1.1   -0.718064   -0.720764    0.000486
         1.2   -0.681824   -0.681702 0.000498151
         1.3   -0.644712   -0.646488 0.000406298
         1.4   -0.614096   -0.613557 0.000596108
         1.5   -0.583576   -0.582874 0.000471462
         1.6   -0.552728   -0.554761 0.000451997
         1.7    -0.52856    -0.52843  0.00046843
         1.8   -0.505944   -0.504776 0.000477105
         1.9   -0.480888   -0.482433 0.000431311
           2   -0.458264   -0.461624  0.00045407
