         0.5    0.337379    0.327377  0.00837778
         0.6      0.4221    0.423426  0.00622941
         0.7    0.423742    0.436663    0.004108
         0.8    0.426158    0.436554  0.00394498
         0.9    0.431966    0.433865  0.00334576
           1    0.428598    0.421345  0.00236009
         1.1     0.40532    0.395718  0.00147509
         1.2    0.376329    0.370363  0.00211453
         1.3    0.340702    0.342533  0.00142095
         1.4    0.322735     0.31833  0.00108863
         1.5    0.289757    0.293496 0.000791524
         1.6    0.271942    0.271546 0.000701811
         1.7    0.249727    0.249326 0.000894145
         1.8    0.228783    0.229718 0.000796627
         1.9    0.218795    0.213236  0.00068023
           2    0.204782    0.198007 0.000693548
