         0.5     79.2657     78.6407    0.969097
         0.6     40.9485     44.6206    0.962706
         0.7     24.4692     24.6491     0.42625
         0.8     15.9882     15.4283    0.201291
         0.9     9.39426     10.2826    0.144635
           1     7.76094     7.39957   0.0752864
         1.1     5.81393     5.65927   0.0734756
         1.2     4.50764     4.40795   0.0433415
         1.3     3.62558     3.60653   0.0214463
         1.4     2.92625     2.95244   0.0204871
         1.5     2.54814     2.55749   0.0136066
         1.6     2.16073     2.20677   0.0144373
         1.7     1.90691     1.91351   0.0086641
         1.8     1.71669     1.68773  0.00814983
         1.9     1.53086     1.51299  0.00602139
           2     1.33517     1.35581  0.00460005
