         0.5    0.900616    0.883217   0.0166466
         0.6     0.66452     0.65533   0.0200744
         0.7    0.434216     0.45562   0.0134165
         0.8    0.265216    0.297423  0.00732547
         0.9    0.163244     0.18938  0.00779724
           1    0.152416     0.14872  0.00561766
         1.1      0.1006    0.113459  0.00393832
         1.2      0.0742   0.0869404  0.00317873
         1.3    0.085112   0.0733422  0.00268388
         1.4    0.072948   0.0606362  0.00217147
         1.5    0.041472   0.0501608  0.00143925
         1.6    0.053188   0.0437978  0.00189325
         1.7    0.031148   0.0385148  0.00126239
         1.8    0.027004   0.0325294  0.00132293
         1.9    0.028532    0.033819  0.00129541
           2    0.023916   0.0276082  0.00123263
