           0           0           0
  0.00512993           0           0
   0.0102599           0           0
   0.0153898           0           0
   0.0205197           0           0
   0.0256496           0           0
   0.0307796           0           0
   0.0359095           0           0
   0.0410394           0           0
   0.0461694           0           0
   0.0512993           0           0
   0.0564292           0           0
   0.0615591           0           0
   0.0666891           0           0
    0.071819           0           0
   0.0769489           0           0
   0.0820788           0           0
   0.0872088           0           0
   0.0923387           0           0
   0.0974686           0           0
    0.102599           0           0
    0.107728           0           0
    0.112858           0           0
    0.117988           0           0
    0.123118           0           0
    0.128248           0           0
    0.133378           0           0
    0.138508           0           0
    0.143638           0           0
    0.148768           0           0
    0.153898           0           0
    0.159028           0           0
    0.164158           0           0
    0.169288           0           0
    0.174418           0           0
    0.179547           0           0
    0.184677           0           0
    0.189807           0           0
    0.194937           0           0
    0.200067           0           0
    0.205197           0           0
    0.210327           0           0
    0.215457           0           0
    0.220587           0           0
    0.225717           0           0
    0.230847           0           0
    0.235977           0           0
    0.241107           0           0
    0.246237           0           0
    0.251366           0           0
    0.256496           0           0
    0.261626           0           0
    0.266756           0           0
    0.271886           0           0
    0.277016           0           0
    0.282146           0           0
    0.287276           0           0
    0.292406           0           0
    0.297536           0           0
    0.302666           0           0
    0.307796           0           0
    0.312926           0           0
    0.318056           0           0
    0.323185           0           0
    0.328315           0           0
    0.333445           0           0
    0.338575           0           0
    0.343705           0           0
    0.348835           0           0
    0.353965           0           0
    0.359095           0           0
    0.364225           0           0
    0.369355           0           0
    0.374485           0           0
    0.379615           0           0
    0.384745           0           0
    0.389875           0           0
    0.395004           0           0
    0.400134           0           0
    0.405264           0           0
    0.410394           0           0
    0.415524           0           0
    0.420654           0           0
    0.425784           0           0
    0.430914           0           0
    0.436044           0           0
    0.441174           0           0
    0.446304           0           0
    0.451434           0           0
    0.456564           0           0
    0.461694           0           0
    0.466823           0           0
    0.471953           0           0
    0.477083           0           0
    0.482213           0           0
    0.487343           0           0
    0.492473           0           0
    0.497603           0           0
    0.502733           0           0
    0.507863           0           0
    0.512993           0           0
    0.518123           0           0
    0.523253           0           0
    0.528383           0           0
    0.533512           0           0
    0.538642           0           0
    0.543772           0           0
    0.548902           0           0
    0.554032           0           0
    0.559162           0           0
    0.564292           0           0
    0.569422           0           0
    0.574552           0           0
    0.579682           0           0
    0.584812           0           0
    0.589942           0           0
    0.595072           0           0
    0.600202           0           0
    0.605331           0           0
    0.610461           0           0
    0.615591           0           0
    0.620721           0           0
    0.625851           0           0
    0.630981           0           0
    0.636111           0           0
    0.641241           0           0
    0.646371           0           0
    0.651501           0           0
    0.656631           0           0
    0.661761           0           0
    0.666891           0           0
    0.672021           0           0
     0.67715           0           0
     0.68228           0           0
     0.68741           0           0
     0.69254           0           0
     0.69767           0           0
      0.7028           0           0
     0.70793           0           0
     0.71306           0           0
     0.71819           0           0
     0.72332           0           0
     0.72845           0           0
     0.73358           0           0
     0.73871           0           0
     0.74384           0           0
    0.748969           0           0
    0.754099           0           0
    0.759229           0           0
    0.764359           0           0
    0.769489           0           0
    0.774619           0           0
    0.779749           0           0
    0.784879           0           0
    0.790009           0           0
    0.795139           0           0
    0.800269           0           0
    0.805399           0           0
    0.810529           0           0
    0.815659           0           0
    0.820788           0           0
    0.825918           0           0
    0.831048           0           0
    0.836178           0           0
    0.841308           0           0
    0.846438           0           0
    0.851568           0           0
    0.856698           0           0
    0.861828 2.16264e-05 1.04603e-05
    0.866958 6.88652e-05 2.13654e-05
    0.872088 0.000124385 2.20845e-05
    0.877218 0.000313146 4.08243e-05
    0.882348 0.000804767 6.26627e-05
    0.887478  0.00165676 8.82148e-05
    0.892607  0.00341681 0.000132622
    0.897737  0.00644142 0.000237981
    0.902867   0.0117277 0.000276724
    0.907997   0.0201407 0.000258848
    0.913127   0.0321742  0.00044578
    0.918257   0.0498299 0.000399466
    0.923387    0.076236 0.000699319
    0.928517    0.109274 0.000753524
    0.933647    0.152684 0.000950221
    0.938777     0.20941 0.000994689
    0.943907    0.273947  0.00119515
    0.949037    0.354405   0.0013004
    0.954167    0.449548  0.00150933
    0.959297    0.551559  0.00170726
    0.964426    0.665518  0.00228574
    0.969556    0.791899  0.00141459
    0.974686    0.921296  0.00261805
    0.979816     1.05597  0.00313824
    0.984946     1.19447  0.00271744
    0.990076     1.33804  0.00284217
    0.995206     1.47862  0.00312003
     1.00034     1.61285  0.00366886
     1.00547     1.74774  0.00208435
      1.0106     1.86919  0.00337732
     1.01573      1.9819  0.00284244
     1.02086     2.08659  0.00366243
     1.02599     2.17978  0.00366224
     1.03112      2.2726  0.00312486
     1.03625     2.34188  0.00393826
     1.04138     2.41285  0.00386935
     1.04651     2.46274   0.0028328
     1.05164     2.50921  0.00282255
     1.05677     2.54333  0.00286142
      1.0619     2.56294  0.00301592
     1.06702     2.56758  0.00355552
     1.07215     2.57287  0.00266459
     1.07728     2.57988  0.00352942
     1.08241     2.56891  0.00365517
     1.08754     2.55465  0.00300752
     1.09267      2.5319  0.00316591
      1.0978     2.50858  0.00287667
     1.10293     2.47949  0.00253869
     1.10806     2.44346  0.00246708
     1.11319     2.41128  0.00269705
     1.11832     2.36811  0.00233874
     1.12345     2.33186   0.0030525
     1.12858     2.28409  0.00212759
     1.13371     2.24627  0.00321218
     1.13884     2.20169  0.00221614
     1.14397     2.15342  0.00218733
      1.1491     2.11046  0.00272078
     1.15423     2.06523  0.00294236
     1.15936      2.0195   0.0021477
     1.16449     1.97374  0.00229746
     1.16962     1.92713  0.00290669
     1.17475     1.88301  0.00216541
     1.17988     1.84261  0.00274542
     1.18501     1.79652  0.00261591
     1.19014     1.75405  0.00205654
     1.19527     1.71289  0.00213271
      1.2004     1.67327  0.00274899
     1.20553     1.63611  0.00230422
     1.21066     1.59706  0.00286065
     1.21579     1.55799  0.00218071
     1.22092     1.52387  0.00204961
     1.22605     1.48763  0.00214522
     1.23118     1.45272  0.00235904
     1.23631      1.4184  0.00195346
     1.24144     1.39168  0.00276568
     1.24657     1.36323  0.00199524
      1.2517     1.32863  0.00210127
     1.25683     1.30241  0.00260628
     1.26196     1.27485  0.00140013
     1.26709     1.24593  0.00226417
     1.27222     1.22249  0.00204598
     1.27735     1.19782  0.00215209
     1.28248     1.17249  0.00188815
     1.28761     1.14717   0.0016973
     1.29274     1.12786  0.00168875
     1.29787     1.10426  0.00186201
       1.303     1.08059  0.00163041
     1.30813     1.06264  0.00189175
     1.31326     1.04184  0.00137307
     1.31839      1.0241  0.00166562
     1.32352      1.0077  0.00209766
     1.32865    0.989657  0.00161189
     1.33378    0.972844  0.00166712
     1.33891     0.95631  0.00187202
     1.34404    0.939332  0.00155691
     1.34917     0.92738  0.00129392
      1.3543    0.912765  0.00135955
     1.35943    0.901957  0.00193207
     1.36456     0.88518  0.00186902
     1.36969    0.874313  0.00164754
     1.37482    0.860391  0.00171353
     1.37995     0.85015  0.00158262
     1.38508    0.838365    0.001516
     1.39021    0.826836  0.00128455
     1.39534    0.817057  0.00152218
     1.40047    0.808531  0.00139583
      1.4056    0.797817   0.0015402
     1.41073    0.788686   0.0012735
     1.41586     0.78126  0.00109506
     1.42099    0.771358   0.0016068
     1.42612    0.764557  0.00134986
     1.43125    0.756392 0.000940949
     1.43638    0.751483  0.00139214
     1.44151    0.742483  0.00121697
     1.44664    0.737526  0.00118695
     1.45177    0.732254  0.00097968
      1.4569     0.72508  0.00132497
     1.46203    0.718061  0.00112277
     1.46716    0.713401  0.00107886
     1.47229    0.708272  0.00113149
     1.47742    0.704381  0.00107454
     1.48255    0.703215  0.00125315
     1.48768    0.697255  0.00114784
     1.49281    0.693699  0.00103898
     1.49794     0.68977  0.00124196
     1.50307    0.687054  0.00121311
      1.5082    0.683508  0.00101435
     1.51333    0.680075  0.00114343
     1.51846    0.680235 0.000837989
     1.52359    0.676357  0.00107027
     1.52872    0.677777 0.000763286
     1.53385    0.674686  0.00120999
     1.53898    0.672061  0.00144315
     1.54411    0.671751  0.00100523
     1.54924    0.669559  0.00104512
     1.55437    0.668849  0.00119107
      1.5595    0.668811 0.000937879
     1.56463    0.671954  0.00110282
     1.56976    0.669059  0.00112441
     1.57489     0.66907  0.00147361
     1.58002    0.671169  0.00124908
     1.58515     0.67238  0.00120835
     1.59028    0.671893  0.00108025
     1.59541    0.675856 0.000998895
     1.60054    0.674728  0.00108398
     1.60567    0.677082  0.00102309
      1.6108     0.67775 0.000994371
     1.61593    0.680695  0.00120707
     1.62106     0.68214  0.00118723
     1.62619    0.686113 0.000947299
     1.63132    0.688134  0.00129257
     1.63645    0.692151 0.000803966
     1.64158    0.696314  0.00128323
     1.64671    0.697221  0.00102065
     1.65184    0.701372  0.00102699
     1.65697    0.705227  0.00118683
      1.6621    0.710565  0.00109729
     1.66723     0.71395  0.00103018
     1.67236    0.717972  0.00123402
     1.67749    0.723577  0.00135358
     1.68262    0.726648 0.000951794
     1.68775     0.73229 0.000932589
     1.69288    0.737453  0.00109426
     1.69801    0.743264  0.00106804
     1.70314     0.74751  0.00125584
     1.70827    0.755542  0.00119903
      1.7134    0.760212  0.00134254
     1.71853    0.767493  0.00113847
     1.72366    0.773907  0.00130637
     1.72879    0.779394  0.00157206
     1.73392    0.786351   0.0013657
     1.73905    0.794178   0.0010903
     1.74418    0.799602  0.00127474
     1.74931    0.807865  0.00121054
     1.75444    0.816267 0.000987036
     1.75957    0.822564  0.00116668
      1.7647    0.829915  0.00119892
     1.76983    0.836856  0.00121088
     1.77496    0.846027  0.00118075
     1.78008    0.854656  0.00108787
     1.78521    0.861594  0.00102197
     1.79034    0.868499  0.00109906
     1.79547     0.87842  0.00111384
      1.8006    0.886555  0.00118498
     1.80573    0.893364  0.00125905
     1.81086    0.902585  0.00121053
     1.81599    0.911497  0.00129351
     1.82112     0.91922  0.00121855
     1.82625    0.927407  0.00120755
     1.83138    0.937098 0.000957579
     1.83651    0.946179  0.00129338
     1.84164    0.952577  0.00106568
     1.84677    0.960594 0.000924206
      1.8519    0.970999  0.00123526
     1.85703    0.977171  0.00131447
     1.86216    0.985195  0.00104454
     1.86729    0.994616   0.0010811
     1.87242     1.00095  0.00102484
     1.87755     1.01179  0.00105738
     1.88268     1.01954 0.000779931
     1.88781     1.02672  0.00124766
     1.89294     1.03393  0.00171161
     1.89807     1.04164  0.00109589
      1.9032     1.04952 0.000872981
     1.90833     1.05871  0.00124242
     1.91346      1.0644  0.00123987
     1.91859     1.07342  0.00133163
     1.92372     1.07937  0.00112276
     1.92885     1.08706   0.0012138
     1.93398     1.09486  0.00134661
     1.93911     1.10312   0.0012021
     1.94424     1.10911  0.00126089
     1.94937     1.11961  0.00103294
      1.9545     1.12232 0.000909163
     1.95963     1.13197 0.000889063
     1.96476     1.13587  0.00128985
     1.96989     1.14261  0.00110794
     1.97502     1.14974  0.00131994
     1.98015     1.15497  0.00114871
     1.98528     1.16028 0.000868861
     1.99041     1.16612  0.00114849
     1.99554     1.17324  0.00106401
     2.00067     1.17557  0.00109576
      2.0058     1.18112 0.000945177
     2.01093     1.18469  0.00111895
     2.01606     1.19047  0.00109567
     2.02119     1.19435  0.00121714
     2.02632     1.19696 0.000916204
     2.03145     1.20237 0.000904511
     2.03658     1.20366 0.000977758
     2.04171     1.20811   0.0012839
     2.04684     1.20898  0.00111879
     2.05197     1.21321  0.00129398
      2.0571     1.21295   0.0012414
     2.06223     1.21456 0.000817845
     2.06736     1.21593 0.000949775
     2.07249     1.21465  0.00129528
     2.07762     1.21581  0.00102108
     2.08275     1.21547  0.00132838
     2.08788     1.21609  0.00124552
     2.09301     1.21569  0.00114357
     2.09814     1.21457   0.0011051
     2.10327     1.21266  0.00129954
      2.1084     1.21109  0.00136707
     2.11353      1.2104  0.00105799
     2.11866     1.20791  0.00125407
     2.12379      1.2053  0.00125435
     2.12892     1.20061  0.00100414
     2.13405     1.19752  0.00106987
     2.13918     1.19515   0.0013103
     2.14431     1.19045  0.00118712
     2.14944     1.18788  0.00103509
     2.15457     1.18372 0.000890276
      2.1597     1.17985  0.00124456
     2.16483     1.17396 0.000947652
     2.16996     1.17234 0.000787557
     2.17509     1.16692  0.00107412
     2.18022     1.16201  0.00105638
     2.18535      1.1554  0.00111092
     2.19048     1.15337  0.00118159
     2.19561     1.14538  0.00104328
     2.20074     1.14075 0.000662114
     2.20587     1.13589 0.000942193
       2.211     1.13052  0.00107402
     2.21613     1.12471  0.00133558
     2.22126      1.1181   0.0011065
     2.22639     1.11224  0.00113386
     2.23152     1.10669  0.00100865
     2.23665     1.10155   0.0010162
     2.24178     1.09568 0.000950313
     2.24691     1.09026  0.00124028
     2.25204      1.0843   0.0010341
     2.25717     1.07933 0.000823968
      2.2623     1.07327 0.000852677
     2.26743     1.06719 0.000906715
     2.27256     1.06132  0.00110333
     2.27769     1.05507  0.00099497
     2.28282     1.05004 0.000905856
     2.28795     1.04653  0.00116884
     2.29308     1.03727  0.00137909
     2.29821     1.03161  0.00111379
     2.30334     1.02679 0.000893389
     2.30847     1.02362 0.000961984
      2.3136      1.0181  0.00110448
     2.31873     1.01306 0.000915358
     2.32386     1.00777  0.00139699
     2.32899     1.00146  0.00108003
     2.33412     0.99729 0.000760644
     2.33925    0.994561 0.000788771
     2.34438       0.988  0.00102013
     2.34951     0.98329 0.000919014
     2.35464    0.978641  0.00106908
     2.35977    0.973912 0.000903051
      2.3649    0.969434 0.000995015
     2.37003    0.964969  0.00124268
     2.37516    0.962721 0.000789599
     2.38029    0.957625 0.000951465
     2.38542    0.953248  0.00109821
     2.39055    0.950726 0.000983783
     2.39568    0.947308 0.000915085
     2.40081      0.9443  0.00100119
     2.40594    0.938981  0.00106698
     2.41107    0.937305 0.000788285
      2.4162    0.933261 0.000857303
     2.42133    0.931018 0.000795013
     2.42646     0.92813  0.00090688
     2.43159    0.925124 0.000717883
     2.43672    0.922724 0.000874644
     2.44185    0.920152 0.000870169
     2.44698    0.918278 0.000903735
     2.45211    0.916102 0.000720278
     2.45724    0.913459 0.000888188
     2.46237     0.91209 0.000887077
      2.4675    0.910467 0.000753887
     2.47263    0.907909 0.000961132
     2.47776    0.908856 0.000701836
     2.48289    0.904009 0.000851651
     2.48802    0.903986 0.000925087
     2.49314    0.901804 0.000806376
     2.49827    0.891966 0.000587668
      2.5034    0.887755  0.00101532
     2.50853    0.887197  0.00075915
     2.51366    0.885919  0.00102522
     2.51879    0.886027 0.000832882
     2.52392    0.885191 0.000873014
     2.52905    0.885672 0.000763698
     2.53418    0.883915 0.000987022
     2.53931    0.885633 0.000718833
     2.54444    0.885256 0.000567764
     2.54957    0.884594 0.000750052
      2.5547    0.885693 0.000691229
     2.55983    0.886896  0.00104354
