           0           0           0
  0.00512993           0           0
   0.0102599           0           0
   0.0153898           0           0
   0.0205197           0           0
   0.0256496           0           0
   0.0307796           0           0
   0.0359095           0           0
   0.0410394           0           0
   0.0461694           0           0
   0.0512993           0           0
   0.0564292           0           0
   0.0615591           0           0
   0.0666891           0           0
    0.071819           0           0
   0.0769489           0           0
   0.0820788           0           0
   0.0872088           0           0
   0.0923387           0           0
   0.0974686           0           0
    0.102599           0           0
    0.107728           0           0
    0.112858           0           0
    0.117988           0           0
    0.123118           0           0
    0.128248           0           0
    0.133378           0           0
    0.138508           0           0
    0.143638           0           0
    0.148768           0           0
    0.153898           0           0
    0.159028           0           0
    0.164158           0           0
    0.169288           0           0
    0.174418           0           0
    0.179547           0           0
    0.184677           0           0
    0.189807           0           0
    0.194937           0           0
    0.200067           0           0
    0.205197           0           0
    0.210327           0           0
    0.215457           0           0
    0.220587           0           0
    0.225717           0           0
    0.230847           0           0
    0.235977           0           0
    0.241107           0           0
    0.246237           0           0
    0.251366           0           0
    0.256496           0           0
    0.261626           0           0
    0.266756           0           0
    0.271886           0           0
    0.277016           0           0
    0.282146           0           0
    0.287276           0           0
    0.292406           0           0
    0.297536           0           0
    0.302666           0           0
    0.307796           0           0
    0.312926           0           0
    0.318056           0           0
    0.323185           0           0
    0.328315           0           0
    0.333445           0           0
    0.338575           0           0
    0.343705           0           0
    0.348835           0           0
    0.353965           0           0
    0.359095           0           0
    0.364225           0           0
    0.369355           0           0
    0.374485           0           0
    0.379615           0           0
    0.384745           0           0
    0.389875           0           0
    0.395004           0           0
    0.400134           0           0
    0.405264           0           0
    0.410394           0           0
    0.415524           0           0
    0.420654           0           0
    0.425784           0           0
    0.430914           0           0
    0.436044           0           0
    0.441174           0           0
    0.446304           0           0
    0.451434           0           0
    0.456564           0           0
    0.461694           0           0
    0.466823           0           0
    0.471953           0           0
    0.477083           0           0
    0.482213           0           0
    0.487343           0           0
    0.492473           0           0
    0.497603           0           0
    0.502733           0           0
    0.507863           0           0
    0.512993           0           0
    0.518123           0           0
    0.523253           0           0
    0.528383           0           0
    0.533512           0           0
    0.538642           0           0
    0.543772           0           0
    0.548902           0           0
    0.554032           0           0
    0.559162           0           0
    0.564292           0           0
    0.569422           0           0
    0.574552           0           0
    0.579682           0           0
    0.584812           0           0
    0.589942           0           0
    0.595072           0           0
    0.600202           0           0
    0.605331           0           0
    0.610461           0           0
    0.615591           0           0
    0.620721           0           0
    0.625851           0           0
    0.630981           0           0
    0.636111           0           0
    0.641241           0           0
    0.646371           0           0
    0.651501           0           0
    0.656631           0           0
    0.661761           0           0
    0.666891           0           0
    0.672021           0           0
     0.67715           0           0
     0.68228           0           0
     0.68741           0           0
     0.69254           0           0
     0.69767           0           0
      0.7028           0           0
     0.70793           0           0
     0.71306           0           0
     0.71819           0           0
     0.72332           0           0
     0.72845           0           0
     0.73358           0           0
     0.73871           0           0
     0.74384           0           0
    0.748969           0           0
    0.754099           0           0
    0.759229           0           0
    0.764359           0           0
    0.769489           0           0
    0.774619           0           0
    0.779749           0           0
    0.784879           0           0
    0.790009           0           0
    0.795139           0           0
    0.800269           0           0
    0.805399           0           0
    0.810529           0           0
    0.815659           0           0
    0.820788           0           0
    0.825918           0           0
    0.831048           0           0
    0.836178           0           0
    0.841308           0           0
    0.846438           0           0
    0.851568           0           0
    0.856698           0           0
    0.861828 2.64323e-05  2.5763e-05
    0.866958 7.12399e-05 3.85106e-05
    0.872088 0.000178364 7.70266e-05
    0.877218   0.0004616 0.000132866
    0.882348 0.000910235 0.000171707
    0.887478  0.00249081 0.000338503
    0.892607   0.0047544  0.00036295
    0.897737  0.00781919 0.000569583
    0.902867   0.0125051 0.000540496
    0.907997   0.0210956  0.00075608
    0.913127    0.033504  0.00121058
    0.918257   0.0513396  0.00127453
    0.923387   0.0773123  0.00120067
    0.928517    0.112551  0.00142265
    0.933647    0.156158  0.00187616
    0.938777    0.208745  0.00267148
    0.943907    0.279252  0.00305181
    0.949037    0.362363  0.00305037
    0.954167    0.457433  0.00248793
    0.959297    0.558926  0.00337975
    0.964426    0.680835  0.00476227
    0.969556    0.807086  0.00450544
    0.974686    0.941107  0.00422825
    0.979816     1.07833  0.00554898
    0.984946     1.22266  0.00558126
    0.990076     1.36201  0.00574068
    0.995206     1.49813  0.00398137
     1.00034     1.62332   0.0061539
     1.00547     1.74969  0.00595698
      1.0106      1.8727  0.00851146
     1.01573     1.99224  0.00651623
     1.02086     2.09524  0.00889389
     1.02599     2.19547  0.00707222
     1.03112     2.27579   0.0111427
     1.03625     2.34816  0.00999637
     1.04138     2.40049   0.0108389
     1.04651     2.47318   0.0107838
     1.05164     2.51455   0.0113178
     1.05677     2.53149   0.0111156
      1.0619     2.55605  0.00860805
     1.06702     2.56811  0.00897345
     1.07215     2.57279   0.0107575
     1.07728     2.57823  0.00889974
     1.08241     2.56633  0.00518635
     1.08754     2.55284  0.00863259
     1.09267     2.53856  0.00891605
      1.0978     2.50744  0.00912911
     1.10293     2.46623  0.00916777
     1.10806     2.42582  0.00553816
     1.11319     2.40782  0.00787474
     1.11832      2.3592  0.00837711
     1.12345     2.32894  0.00556839
     1.12858     2.27853  0.00660994
     1.13371     2.23889  0.00584539
     1.13884     2.19333  0.00743929
     1.14397     2.14487  0.00814765
      1.1491     2.09276  0.00628533
     1.15423     2.05068  0.00560997
     1.15936     2.01063  0.00917144
     1.16449     1.96391  0.00854758
     1.16962     1.91598  0.00950553
     1.17475     1.87095  0.00786635
     1.17988     1.83886    0.007684
     1.18501     1.79289  0.00961318
     1.19014     1.75279   0.0071761
     1.19527     1.70645   0.0073468
      1.2004     1.66984  0.00651997
     1.20553     1.61789   0.0072458
     1.21066     1.57854  0.00720241
     1.21579     1.54875  0.00644591
     1.22092     1.52151  0.00662036
     1.22605     1.48037  0.00697997
     1.23118     1.44917  0.00797872
     1.23631     1.41793  0.00852506
     1.24144     1.38711  0.00809576
     1.24657     1.35067  0.00802243
      1.2517      1.3212  0.00685224
     1.25683     1.30206  0.00579685
     1.26196     1.27271  0.00639905
     1.26709     1.24886  0.00506506
     1.27222     1.22155  0.00534632
     1.27735     1.19059  0.00523617
     1.28248     1.16891  0.00569158
     1.28761     1.14597  0.00369515
     1.29274     1.11896  0.00510632
     1.29787     1.10174  0.00494902
       1.303      1.0816  0.00495798
     1.30813     1.06095  0.00424295
     1.31326     1.04226  0.00481825
     1.31839     1.02247  0.00487475
     1.32352    0.999777  0.00438306
     1.32865     0.98807  0.00435882
     1.33378    0.966784  0.00475861
     1.33891    0.954394  0.00358951
     1.34404    0.944406  0.00304981
     1.34917    0.933064   0.0042521
      1.3543    0.916669  0.00436884
     1.35943    0.898845  0.00453236
     1.36456    0.887928  0.00359182
     1.36969    0.872965  0.00385327
     1.37482    0.862061  0.00482451
     1.37995    0.845902  0.00530752
     1.38508    0.836519  0.00436507
     1.39021    0.824221  0.00416771
     1.39534    0.813022  0.00446632
     1.40047    0.810281   0.0044468
      1.4056    0.798412  0.00437572
     1.41073    0.791376  0.00321903
     1.41586    0.780976  0.00388462
     1.42099    0.780473  0.00358413
     1.42612    0.770697  0.00408686
     1.43125    0.764332  0.00423243
     1.43638    0.757737  0.00375371
     1.44151    0.748433  0.00363939
     1.44664    0.735786  0.00400801
     1.45177    0.728583  0.00418502
      1.4569    0.725712  0.00484164
     1.46203    0.722901  0.00475492
     1.46716    0.715764  0.00370162
     1.47229     0.70882  0.00378664
     1.47742    0.704837  0.00432346
     1.48255    0.702143  0.00406916
     1.48768    0.694097  0.00446162
     1.49281    0.693477  0.00352579
     1.49794    0.687519  0.00451076
     1.50307    0.685319  0.00469635
      1.5082    0.684648  0.00460757
     1.51333    0.678353  0.00479473
     1.51846    0.676145  0.00440286
     1.52359    0.678726  0.00343697
     1.52872    0.676921  0.00361572
     1.53385    0.675017  0.00388493
     1.53898    0.674168  0.00471119
     1.54411    0.672142  0.00375334
     1.54924    0.668865  0.00379357
     1.55437    0.670817  0.00380034
      1.5595    0.674813  0.00410187
     1.56463    0.670136  0.00353759
     1.56976    0.674907  0.00351748
     1.57489    0.670925  0.00339545
     1.58002    0.666303   0.0037029
     1.58515    0.662148  0.00353158
     1.59028     0.66297  0.00360982
     1.59541    0.667593  0.00392761
     1.60054    0.674162  0.00439364
     1.60567    0.675845   0.0037728
      1.6108    0.680811  0.00411057
     1.61593    0.679952  0.00335027
     1.62106    0.683775  0.00291259
     1.62619    0.682738  0.00231482
     1.63132    0.683677  0.00320362
     1.63645    0.688011  0.00338576
     1.64158    0.696248  0.00276054
     1.64671    0.701247  0.00294992
     1.65184    0.705393    0.002521
     1.65697    0.707814  0.00246476
      1.6621    0.710109  0.00351168
     1.66723    0.720736  0.00289218
     1.67236    0.725851  0.00341843
     1.67749    0.727515  0.00282722
     1.68262    0.732425  0.00348707
     1.68775    0.735704  0.00385764
     1.69288    0.743734  0.00402628
     1.69801    0.745033  0.00401251
     1.70314    0.748928  0.00362866
     1.70827    0.760084   0.0035622
      1.7134    0.765769  0.00298367
     1.71853     0.77157  0.00343117
     1.72366    0.776124  0.00348408
     1.72879    0.778283  0.00343195
     1.73392    0.781797  0.00310556
     1.73905    0.793916  0.00299404
     1.74418    0.806246  0.00269044
     1.74931    0.812168  0.00295759
     1.75444    0.816015  0.00260019
     1.75957    0.821265  0.00329766
      1.7647    0.829861  0.00299718
     1.76983    0.840202  0.00416178
     1.77496    0.847128  0.00349373
     1.78008    0.852876  0.00367347
     1.78521    0.864405  0.00363107
     1.79034     0.86952  0.00391823
     1.79547     0.87916  0.00405774
      1.8006    0.888194  0.00382124
     1.80573    0.895363  0.00462516
     1.81086    0.905253  0.00490459
     1.81599    0.912408  0.00442399
     1.82112     0.92227  0.00446007
     1.82625    0.933454  0.00430147
     1.83138    0.938357  0.00362642
     1.83651     0.94778  0.00366534
     1.84164    0.953267  0.00397626
     1.84677    0.963034  0.00385877
      1.8519    0.969362  0.00445238
     1.85703    0.972979  0.00479832
     1.86216    0.985723  0.00399103
     1.86729    0.995621  0.00426377
     1.87242     1.00184  0.00433559
     1.87755     1.01571  0.00390819
     1.88268     1.02365  0.00430747
     1.88781     1.02812  0.00427629
     1.89294     1.03532  0.00405604
     1.89807     1.04102  0.00336332
      1.9032     1.05136  0.00329736
     1.90833     1.05475  0.00337809
     1.91346      1.0639  0.00320388
     1.91859     1.07385  0.00339314
     1.92372     1.08239   0.0025426
     1.92885     1.08979  0.00276998
     1.93398     1.09675  0.00268469
     1.93911      1.1044  0.00369581
     1.94424     1.11758  0.00398924
     1.94937     1.11875  0.00263856
      1.9545     1.12288  0.00376629
     1.95963     1.12965  0.00357407
     1.96476     1.13887  0.00332779
     1.96989     1.14563  0.00278426
     1.97502     1.15447  0.00327571
     1.98015     1.15937  0.00299963
     1.98528     1.16604  0.00336943
     1.99041     1.16607   0.0038953
     1.99554     1.17781  0.00369924
     2.00067     1.17848  0.00332902
      2.0058     1.18196  0.00364453
     2.01093     1.18479   0.0048423
     2.01606     1.19639  0.00462513
     2.02119     1.19497  0.00460111
     2.02632     1.19584  0.00420517
     2.03145     1.20218  0.00390221
     2.03658     1.20582   0.0039698
     2.04171     1.21131  0.00410404
     2.04684     1.20929  0.00299151
     2.05197     1.21304  0.00352049
      2.0571     1.20994  0.00310256
     2.06223     1.21704  0.00294576
     2.06736     1.22158  0.00442311
     2.07249      1.2203  0.00516046
     2.07762     1.22158  0.00431995
     2.08275     1.22299  0.00379935
     2.08788     1.22156  0.00384328
     2.09301     1.21384  0.00385754
     2.09814     1.20975  0.00358243
     2.10327     1.20811  0.00402276
      2.1084     1.21156  0.00312504
     2.11353     1.20719  0.00293625
     2.11866     1.20575  0.00397277
     2.12379     1.20045  0.00308975
     2.12892     1.19758  0.00433079
     2.13405     1.19833  0.00343084
     2.13918     1.19352  0.00360248
     2.14431     1.19557  0.00365149
     2.14944     1.19401  0.00331462
     2.15457      1.1848  0.00291351
      2.1597      1.1801  0.00319958
     2.16483     1.17629  0.00387667
     2.16996     1.17292  0.00322232
     2.17509     1.16789  0.00286354
     2.18022     1.16418  0.00321796
     2.18535     1.15955  0.00364641
     2.19048      1.1557  0.00306947
     2.19561     1.14601  0.00295001
     2.20074     1.14214  0.00315194
     2.20587     1.13676  0.00358835
       2.211     1.13196  0.00420495
     2.21613     1.12464   0.0038999
     2.22126     1.12159  0.00254667
     2.22639     1.11744  0.00282807
     2.23152     1.11103  0.00263755
     2.23665     1.10576  0.00387663
     2.24178     1.09834  0.00335545
     2.24691     1.09329  0.00364637
     2.25204     1.08513  0.00282686
     2.25717     1.08184   0.0034145
      2.2623     1.07477  0.00260964
     2.26743     1.06558  0.00295975
     2.27256     1.06098  0.00305429
     2.27769      1.0584  0.00266463
     2.28282     1.05026  0.00254131
     2.28795     1.04422  0.00291773
     2.29308     1.03888  0.00308015
     2.29821     1.03023  0.00249555
     2.30334     1.02394  0.00341025
     2.30847     1.01634  0.00253071
      2.3136     1.01221  0.00278459
     2.31873     1.00713   0.0033059
     2.32386     1.00257  0.00365609
     2.32899    0.997758  0.00318792
     2.33412    0.993455  0.00281646
     2.33925    0.989738  0.00211462
     2.34438    0.981605  0.00242358
     2.34951    0.980341  0.00333192
     2.35464    0.974406  0.00325455
     2.35977    0.971114  0.00398606
      2.3649     0.96648  0.00328139
     2.37003    0.956235  0.00388422
     2.37516     0.95307  0.00374463
     2.38029    0.951901  0.00312922
     2.38542    0.944996   0.0031387
     2.39055    0.941332  0.00291108
     2.39568     0.94023  0.00310005
     2.40081     0.93733  0.00275761
     2.40594    0.931439  0.00245765
     2.41107    0.926014  0.00358951
      2.4162    0.924688  0.00354727
     2.42133    0.919295  0.00312094
     2.42646    0.920757  0.00330333
     2.43159    0.915483  0.00296515
     2.43672    0.914467  0.00277879
     2.44185    0.912618  0.00276877
     2.44698    0.910585  0.00306938
     2.45211    0.908654   0.0036099
     2.45724    0.906322  0.00316403
     2.46237    0.903222  0.00314821
      2.4675    0.900416  0.00240231
     2.47263    0.898251  0.00276545
     2.47776    0.899421  0.00244225
     2.48289    0.895965  0.00281352
     2.48802    0.891838  0.00253425
     2.49314    0.893751  0.00301534
     2.49827     0.89071    0.003041
      2.5034    0.888147  0.00272921
     2.50853    0.886152  0.00230855
     2.51366    0.885527  0.00302356
     2.51879    0.884642  0.00258652
     2.52392    0.883805  0.00240482
     2.52905    0.885722  0.00172088
     2.53418    0.886938  0.00221157
     2.53931    0.890563  0.00211906
     2.54444    0.886301  0.00255177
     2.54957    0.889937  0.00216097
      2.5547    0.890101  0.00252946
     2.55983    0.890339  0.00211089
