           1     85.6368     85.6368           0
           2     84.7082     85.1725    0.464296
           3     89.9096     86.7515     1.60162
           4     89.6174      87.468     1.34012
           5     92.9152     88.5574      1.5048
           6     93.3299     89.3529     1.46366
           7     88.1289      89.178     1.24931
           8     95.8077     90.0067     1.36285
           9     86.9058     89.6622     1.25033
          10       86.22      89.318      1.1701
          11     91.2388     89.4926     1.07271
          12      87.873     89.3576      0.9885
          13     95.0589     89.7962     1.00952
          14     90.7402     89.8636    0.937068
          15     87.1971     89.6858    0.890291
          16     90.6078     89.7435    0.834782
          17     93.0531     89.9381    0.807947
          18     88.6749      89.868    0.764966
          19      89.963      89.873    0.723603
          20     89.5844     89.8585    0.686621
           1     87.1234     87.1234           0
           2      84.738     85.9307      1.1927
           3     89.9075     87.2563     1.49378
           4     89.5992      87.842     1.20779
           5     92.9082     88.8553     1.37909
           6     93.3178      89.599     1.34948
           7     88.1196     89.3877     1.15993
           8     95.8349     90.1936     1.28785
           9     86.9008     89.8277     1.19325
          10     86.2161     89.4665     1.12673
          11       91.25     89.6287     1.03198
          12      87.886     89.4835    0.953193
          13     95.0743     89.9135    0.976602
          14      90.717     89.9709    0.905978
          15     87.2044     89.7865    0.863349
          16      90.624     89.8388    0.809283
          17     93.0676     90.0287    0.783556
          18     88.6734     89.9535    0.742571
          19     89.9598     89.9538    0.702402
          20     89.5546     89.9338    0.666656
           1     57.6852     57.6852           0
           2      61.112     59.3986      1.7134
           3     57.7975     58.8649     1.12402
           4     56.9663     58.3903    0.925744
           5      67.301     60.1724       1.921
           6     54.9258      59.298     1.79577
           7     57.9287     59.1024     1.53026
           8     52.1503     58.2334     1.58475
           9     58.1699     58.2263     1.39764
          10     53.0593     57.7096     1.35266
          11     57.2077      57.664     1.22438
          12     53.8639     57.3473      1.1617
          13     63.6221       57.83     1.17256
          14     61.1484      58.067     1.11115
          15     53.9117       57.79     1.07088
          16     52.3904     57.4525     1.05704
          17      57.264     57.4414    0.992975
          18     51.1711     57.0931    0.998896
          19     58.0257     57.1422    0.946136
          20      54.216     56.9959    0.909429
           1      58.704      58.704           0
           2     61.1553     59.9296     1.22566
           3     57.7987     59.2193     1.00265
           4     56.9475     58.6514    0.908417
           5     67.3019     60.3815     1.86773
           6     54.9448     59.4754     1.77388
           7     57.9485     59.2573     1.51499
           8     52.1844     58.3732     1.58209
           9     58.1418     58.3474     1.39551
          10     53.0791     57.8206     1.35481
          11     57.2103     57.7651     1.22673
          12      53.904     57.4434     1.16516
          13      63.626      57.919     1.17257
          14     61.1418     58.1492     1.10972
          15     53.9147     57.8669     1.07097
          16     52.3945     57.5248     1.05858
          17     57.2412     57.5082    0.994501
          18     51.1992     57.1577     1.00099
          19      58.045     57.2044    0.947997
          20     54.1853     57.0534    0.911929
           1     91.0652     91.0652           0
           2     85.4485     88.2568     2.80833
           3     83.0616     86.5251      2.3723
           4     92.1287      87.926      2.1855
           5      91.691      88.679      1.8528
           6     93.0142     89.4015     1.67649
           7      86.139     88.9355     1.49158
           8     94.2076     89.5945     1.45015
           9     90.4964     89.6947     1.28283
          10     88.9371     89.6189      1.1499
          11      92.509     89.8817     1.07279
          12     87.1863      89.657     1.00475
          13     92.0828     89.8436     0.94288
          14     86.7559     89.6231    0.900368
          15     91.1325     89.7237    0.844215
          16     96.7227     90.1612    0.902753
          17     87.3543      89.996    0.863913
          18     91.8145     90.0971    0.820747
          19     94.8667     90.3481    0.815926
          20     87.7948     90.2204    0.784513
           1     92.1267     92.1267           0
           2     85.4436     88.7852     3.34158
           3     83.1041     86.8915     2.70335
           4     92.1609     88.2088     2.32152
           5     91.6757     88.9022     1.92729
           6     93.0377     89.5915     1.71795
           7     86.1247     89.0962     1.53408
           8     94.2375     89.7389     1.47582
           9     90.4721     89.8203      1.3041
          10     88.9101     89.7293     1.16997
          11     92.5238     89.9834     1.08834
          12     87.1985     89.7513     1.02026
          13     92.0789     89.9303    0.955429
          14     86.7022     89.6998    0.914116
          15     91.1186     89.7943    0.856236
          16     96.7216     90.2273    0.910465
          17     87.3295     90.0568    0.872055
          18     91.7975     90.1535    0.827848
          19      94.878     90.4022    0.821598
          20     87.8129     90.2727    0.790115
           1     56.1234     56.1234           0
           2     55.2297     55.6765     0.44686
           3     59.9152     57.0894     1.43625
           4     56.1521     56.8551     1.04226
           5     58.6829     57.2207    0.886245
           6     54.0972     56.7001    0.891418
           7     55.5282     56.5327    0.771763
           8     55.0597     56.3485    0.693263
           9     55.9592     56.3053    0.612929
          10     52.0835     55.8831    0.691938
          11     55.7304     55.8692    0.626035
          12     63.0528     56.4679    0.827625
          13     57.5017     56.5474    0.765447
          14     52.8673     56.2845    0.755846
          15     49.2781     55.8174    0.844574
          16     60.8918     56.1346    0.851307
          17     53.9597     56.0066    0.809833
          18     58.6504     56.1535    0.777517
          19      58.411     56.2723    0.744993
          20     55.2082     56.2191    0.708762
           1     56.5129     56.5129           0
           2     55.2351      55.874     0.63888
           3     59.9163     57.2214     1.39699
           4     56.1412     56.9514     1.02407
           5     58.6793      57.297    0.865255
           6     54.0867     56.7619    0.886223
           7     55.5082     56.5828    0.770111
           8      55.074     56.3942     0.69309
           9     55.9584     56.3458    0.613163
          10     52.0947     55.9207    0.693897
          11     55.7146     55.9019    0.627933
          12     63.0527     56.4978    0.826847
          13     57.5051     56.5753    0.764525
          14      52.857     56.3097    0.756001
          15     49.2868     55.8415    0.845305
          16     60.8884      56.157    0.851304
          17     53.9616     56.0278    0.810021
          18     58.6598      56.174    0.777567
          19     58.3984     56.2911    0.744764
          20     55.2022     56.2367     0.70864
