           1     0.87232     0.87232           0
           2    0.887052    0.879686    0.007366
           3     0.93148    0.896951   0.0177807
           4    0.924536    0.903847     0.01434
           5    0.945184    0.912114   0.0138467
           6    0.953008     0.91893   0.0132013
           7    0.905588    0.917024   0.0113187
           8    0.974452    0.924202   0.0121497
           9     0.88942    0.920338   0.0113907
          10     0.89898    0.918202   0.0104096
          11    0.936348    0.919852  0.00955929
          12    0.795812    0.909515   0.0135276
          13    0.969476    0.914127   0.0132709
          14    0.932308    0.915426   0.0123549
          15    0.914608    0.915371   0.0115019
          16    0.553156    0.892733   0.0250651
          17    0.927668    0.894788    0.023634
          18    0.924144    0.896419    0.022342
          19      0.9297    0.898171   0.0212059
          20    0.924724    0.899498   0.0201614
           1    0.889364    0.889364           0
           2    0.887196     0.88828    0.001084
           3    0.931516    0.902692   0.0144256
           4    0.924428    0.908126   0.0115576
           5    0.945144     0.91553   0.0116172
           6     0.95296    0.921768    0.011353
           7    0.905516    0.919446  0.00987194
           8    0.974608    0.926341   0.0109834
           9    0.889192    0.922214   0.0105293
          10    0.898988    0.919891  0.00969984
          11    0.936456    0.921397  0.00890212
          12     0.79584    0.910934   0.0132482
          13    0.969552    0.915443   0.0129941
          14    0.932176    0.916638   0.0120894
          15    0.914612    0.916503   0.0112554
          16    0.553456    0.893813   0.0250141
          17    0.927804    0.895812   0.0235816
          18    0.924144    0.897386   0.0222886
          19    0.929572     0.89908   0.0211508
          20    0.924508    0.900352   0.0201057
           1    0.740908    0.740908           0
           2    0.710084    0.725496    0.015412
           3    0.713772    0.721588  0.00971849
           4      0.7517    0.729116   0.0101929
           5     0.85976    0.755245   0.0272956
           6    0.584344    0.726761   0.0361664
           7    0.756124    0.730956   0.0308527
           8    0.653944    0.721329   0.0284004
           9    0.674096    0.716081   0.0255908
          10     0.70852    0.715325   0.0229016
          11    0.730688    0.716722   0.0207623
          12    0.698344     0.71519    0.019015
          13    0.822316    0.723431   0.0193352
          14    0.763472    0.726291    0.018128
          15    0.693604    0.724112   0.0170163
          16    0.704852    0.722908   0.0159628
          17    0.736012    0.723679   0.0150142
          18    0.642692     0.71918   0.0148534
          19    0.563856    0.711005   0.0162551
          20    0.540096    0.702459   0.0176304
           1     0.75642     0.75642           0
           2     0.71032     0.73337     0.02305
           3    0.713692    0.726811   0.0148366
           4    0.751488     0.73298   0.0121706
           5     0.85974    0.758332   0.0270481
           6    0.584236    0.729316   0.0364645
           7    0.756204    0.733157   0.0310566
           8     0.65422     0.72329   0.0286486
           9    0.673808    0.717792    0.025857
          10    0.708656    0.716878   0.0231452
          11    0.730944    0.718157   0.0209747
          12    0.698868     0.71655   0.0192145
          13    0.822276    0.724682   0.0194561
          14    0.763176    0.727432   0.0182215
          15    0.693688    0.725182   0.0171118
          16    0.704976     0.72392   0.0160564
          17    0.735912    0.724625   0.0150988
          18    0.642936    0.720087   0.0149412
          19    0.564036    0.711873   0.0163462
          20    0.539384    0.703249   0.0177443
           1    0.906532    0.906532           0
           2    0.848304    0.877418    0.029114
           3    0.832584    0.862473   0.0224919
           4    0.936956    0.881094   0.0244882
           5    0.817344    0.868344   0.0228553
           6    0.955028    0.882791   0.0236002
           7    0.704756    0.857358   0.0323219
           8    0.940492    0.867749   0.0298583
           9    0.925024    0.874113   0.0270906
          10     0.86518     0.87322    0.024247
          11    0.747548    0.861795   0.0247295
          12    0.896512    0.864688   0.0227595
          13    0.942264    0.870656   0.0217695
          14     0.86338    0.870136   0.0201614
          15    0.923676    0.873705   0.0191056
          16    0.979252    0.880302   0.0190502
          17     0.78498    0.874695   0.0187525
          18    0.925444    0.877514   0.0179034
          19    0.958112    0.881756   0.0174581
          20    0.900556    0.882696   0.0165889
           1    0.917716    0.917716           0
           2    0.848212    0.882964    0.034752
           3    0.832652    0.866193     0.02615
           4    0.937136    0.883929   0.0256216
           5    0.817132     0.87057   0.0239239
           6    0.955144    0.884665   0.0240885
           7      0.7047    0.858956   0.0327939
           8    0.940556    0.869156   0.0301765
           9    0.924816     0.87534   0.0273223
          10    0.864944    0.874301   0.0244599
          11    0.747728    0.862794   0.0249381
          12    0.896608    0.865612    0.022939
          13    0.942184    0.871502   0.0219075
          14     0.86298    0.870893   0.0202915
          15     0.92366    0.874411   0.0192151
          16    0.979192     0.88096     0.01913
          17    0.784796    0.875303   0.0188388
          18    0.925356    0.878084   0.0179777
          19     0.95822    0.882302   0.0175205
          20    0.900616    0.883217   0.0166466
           1     0.70226     0.70226           0
           2    0.606208    0.654234    0.048026
           3    0.736796    0.681755   0.0390669
           4    0.621216     0.66662   0.0314987
           5    0.722616    0.677819   0.0268463
           6     0.71194    0.683506   0.0226456
           7    0.678184    0.682746   0.0191541
           8    0.617052    0.674534   0.0185092
           9    0.694612    0.676765   0.0164753
          10    0.599632    0.669052   0.0166326
          11    0.557704    0.658929   0.0181331
          12    0.778796    0.668918   0.0193336
          13    0.635744    0.666366   0.0179665
          14     0.66238    0.666081   0.0166361
          15     0.38236    0.647167   0.0244464
          16    0.728208    0.652232   0.0234218
          17      0.5527    0.646377   0.0227666
          18     0.74406    0.651804     0.02214
          19     0.70968     0.65485   0.0211627
          20    0.664512    0.655333   0.0200825
           1    0.702176    0.702176           0
           2    0.606368    0.654272    0.047904
           3     0.73682    0.681788   0.0390136
           4    0.621096    0.666615   0.0314841
           5     0.72272    0.677836   0.0268451
           6    0.711948    0.683521   0.0226443
           7     0.67806    0.682741   0.0191538
           8    0.617224    0.674552   0.0184992
           9    0.694472    0.676765   0.0164642
          10    0.599736    0.669062    0.016619
          11    0.557504     0.65892   0.0181336
          12    0.778836    0.668913    0.019336
          13    0.635864    0.666371   0.0179673
          14      0.6622    0.666073   0.0166372
          15    0.382516    0.647169   0.0244386
          16      0.7281    0.652228   0.0234131
          17    0.552788    0.646378   0.0227574
          18    0.744056    0.651805   0.0221314
          19      0.7096    0.654847   0.0211541
          20     0.66452     0.65533   0.0200744
