           1    0.384481    0.384481           0
           2     0.31938    0.351931   0.0325504
           3    0.271748    0.325203   0.0326733
           4    0.262446    0.309514   0.0279271
           5    0.195964    0.286804    0.031364
           6    0.207944     0.27366   0.0287844
           7    0.294897    0.276694   0.0245157
           8    0.174459    0.263915   0.0247806
           9     0.31611    0.269714   0.0226109
          10    0.355378    0.278281   0.0219633
          11    0.260669     0.27668   0.0199309
          12    0.329733    0.281101   0.0187238
          13    0.154819    0.271387   0.0197739
          14    0.240337    0.269169   0.0184409
          15    0.307546    0.271727   0.0173571
          16    0.270747    0.271666   0.0162362
          17    0.202048    0.267571   0.0157915
          18    0.292218     0.26894   0.0149512
          19    0.243335    0.267593   0.0142065
          20    0.266206    0.267523   0.0134776
           1    0.329125    0.329125           0
           2     0.32142    0.325273  0.00385261
           3    0.269363    0.306636   0.0187688
           4    0.262159    0.295517   0.0173139
           5     0.19722    0.275858   0.0237981
           6    0.209593    0.264813   0.0223504
           7    0.292479    0.268766   0.0192986
           8    0.172711    0.256759   0.0205789
           9    0.316802     0.26343   0.0193362
          10    0.356411    0.272728   0.0196358
          11     0.26081    0.271645   0.0177943
          12    0.328182    0.276356   0.0169134
          13    0.153987    0.266943    0.018184
          14    0.241785    0.265146   0.0169307
          15    0.306967    0.267934   0.0160064
          16    0.271323    0.268146   0.0149741
          17    0.201617    0.264233      0.0146
          18    0.290895    0.265714   0.0138444
          19    0.242593    0.264497   0.0131519
          20    0.265419    0.264543   0.0124771
           1    0.533181    0.533181           0
           2    0.424121    0.478651   0.0545303
           3    0.488115    0.481806   0.0316407
           4    0.481085    0.481626   0.0223741
           5    0.342164    0.453733   0.0328382
           6    0.503393     0.46201   0.0280606
           7    0.431663    0.457675   0.0241086
           8    0.470267    0.459249   0.0209379
           9    0.488353    0.462483   0.0187465
          10    0.539369    0.470171   0.0184462
          11    0.488576    0.471844   0.0167689
          12    0.524981    0.476272   0.0159354
          13    0.435845    0.473163   0.0149847
          14    0.440864    0.470856   0.0140636
          15    0.491312    0.472219   0.0131633
          16    0.519242    0.475158   0.0126591
          17    0.468775    0.474783    0.011897
          18    0.468834    0.474452   0.0112215
          19    0.472499    0.474349    0.010615
          20    0.445528    0.472908   0.0101728
           1    0.515904    0.515904           0
           2    0.424186    0.470045   0.0458592
           3    0.486354    0.475481   0.0270291
           4    0.482232    0.477169   0.0191868
           5    0.338952    0.449526   0.0313854
           6    0.507699    0.459221   0.0273989
           7    0.432821     0.45545   0.0234614
           8    0.470452    0.457325   0.0204045
           9    0.493798    0.461378   0.0184458
          10    0.536657    0.468906   0.0181347
          11    0.489616    0.470788   0.0165112
          12    0.524733    0.475284   0.0157286
          13    0.438141    0.472427   0.0147477
          14    0.444025    0.470398   0.0138036
          15    0.490606    0.471745   0.0129209
          16    0.521491    0.474854   0.0124798
          17    0.467533    0.474424   0.0117307
          18    0.468787     0.47411   0.0110642
          19    0.468429    0.473811     0.01047
          20    0.446033    0.472423   0.0100293
           1    0.273494    0.273494           0
           2     0.33312    0.303307   0.0298128
           3    0.383421    0.330012   0.0317712
           4    0.236801    0.306709   0.0323685
           5     0.25714    0.296795   0.0269613
           6    0.222431    0.284401    0.025263
           7    0.345595    0.293143   0.0230715
           8    0.215971    0.283497   0.0221873
           9    0.277057    0.282781   0.0195804
          10    0.279468     0.28245   0.0175164
          11    0.238101    0.278418   0.0163491
          12    0.289233    0.279319   0.0149518
          13    0.232768    0.275738   0.0142122
          14    0.348144     0.28091   0.0141378
          15    0.283671    0.281094   0.0131629
          16    0.124206    0.271289   0.0157402
          17    0.301094    0.273042   0.0148889
          18    0.233066    0.270821    0.014212
          19    0.146175    0.264261   0.0149585
          20    0.284565    0.265276   0.0142271
           1    0.240061    0.240061           0
           2    0.332555    0.286308   0.0462468
           3    0.383158    0.318591   0.0418943
           4    0.236084    0.297965   0.0360975
           5    0.255523    0.289476    0.029221
           6    0.222783    0.278361   0.0263212
           7     0.34622    0.288055    0.024266
           8    0.213907    0.278786   0.0229681
           9    0.277207    0.278611   0.0202567
          10    0.279244    0.278674   0.0181183
          11    0.237863    0.274964   0.0168033
          12    0.289144    0.276146   0.0153847
          13    0.233793    0.272888    0.014522
          14    0.347255      0.2782   0.0144561
          15    0.285084    0.278659   0.0134657
          16    0.122224    0.268882   0.0159453
          17    0.301182    0.270782   0.0150981
          18    0.233278    0.268698   0.0143863
          19    0.146248    0.262253    0.015057
          20    0.284419    0.263362   0.0143273
           1    0.497896    0.497896           0
           2    0.480747    0.489322  0.00857496
           3    0.457168    0.478604   0.0118061
           4     0.46103     0.47421  0.00943368
           5    0.487684    0.476905  0.00778837
           6    0.490346    0.479145  0.00674219
           7    0.498902    0.481968   0.0063589
           8    0.469973    0.480468  0.00570741
           9    0.488959    0.481412  0.00512111
          10    0.519126    0.485183  0.00593335
          11    0.499542    0.486488  0.00552337
          12    0.422364    0.481145  0.00734697
          13    0.447122    0.478528  0.00724728
          14    0.483692    0.478896  0.00671981
          15    0.546366    0.483394    0.007705
          16    0.461523    0.482027  0.00733585
          17    0.514362    0.483929  0.00714851
          18    0.439616    0.481468  0.00717524
          19    0.493821    0.482118  0.00681817
          20    0.535412    0.484783  0.00699568
           1    0.488498    0.488498           0
           2    0.480047    0.484273  0.00422587
           3    0.456164    0.474903  0.00968197
           4    0.460935    0.471411  0.00768537
           5    0.487031    0.474535  0.00672296
           6     0.49072    0.477232  0.00611627
           7    0.498821    0.480316  0.00601932
           8    0.472573    0.479349  0.00530198
           9    0.486931    0.480191  0.00475119
          10    0.521055    0.484277  0.00589553
          11    0.498828      0.4856  0.00549432
          12    0.421072    0.480223  0.00735337
          13    0.446323    0.477615  0.00724937
          14    0.485198    0.478157  0.00673343
          15    0.545461    0.482644  0.00770886
          16    0.459606    0.481204  0.00735333
          17    0.512908    0.483069  0.00715459
          18    0.438977    0.480619  0.00717641
          19    0.494561    0.481353  0.00682774
          20    0.535237    0.484047  0.00701534
