           1   -0.997582   -0.997582           0
           2   -0.998213   -0.997898  0.00031532
           3    -1.00253    -0.99944  0.00155333
           4    -1.00297    -1.00032  0.00140904
           5    -1.00774    -1.00181  0.00184226
           6    -1.00796    -1.00283  0.00182014
           7    -1.00173    -1.00267  0.00154637
           8    -1.01019    -1.00361  0.00163608
           9    -0.99894    -1.00309  0.00153349
          10   -0.997948    -1.00258    0.001465
          11    -1.00457    -1.00276  0.00133749
          12     -0.9989    -1.00244  0.00126264
          13    -1.00993    -1.00302  0.00129637
          14    -1.00455    -1.00313   0.0012052
          15   -0.998444    -1.00281  0.00116457
          16   -0.996767    -1.00244  0.00115303
          17    -1.00767    -1.00274  0.00112606
          18    -1.00115    -1.00266  0.00106532
          19    -1.00452    -1.00275  0.00101248
          20    -1.00281    -1.00276 0.000960522
           1   -0.999787   -0.999787           0
           2   -0.998176   -0.998982  0.00080568
           3    -1.00259    -1.00018  0.00128971
           4    -1.00291    -1.00087  0.00113878
           5    -1.00761    -1.00221  0.00161102
           6    -1.00791    -1.00316  0.00162186
           7     -1.0018    -1.00297  0.00138452
           8    -1.01033    -1.00389  0.00151161
           9   -0.999016    -1.00335  0.00143887
          10   -0.997916     -1.0028  0.00139689
          11    -1.00458    -1.00297  0.00127377
          12   -0.999005    -1.00264  0.00120872
          13    -1.01004     -1.0032  0.00124924
          14    -1.00442    -1.00329  0.00115982
          15   -0.998484    -1.00297  0.00112629
          16   -0.996757    -1.00258  0.00112285
          17    -1.00768    -1.00288  0.00109659
          18    -1.00118    -1.00279   0.0010382
          19     -1.0046    -1.00288 0.000986659
          20    -1.00279    -1.00288 0.000936039
           1   -0.964866   -0.964866           0
           2   -0.971586   -0.968226  0.00335976
           3   -0.965147     -0.9672  0.00219446
           4   -0.966858   -0.967114  0.00155407
           5   -0.983579   -0.970407   0.0035061
           6   -0.961751   -0.968965  0.00320572
           7   -0.968338   -0.968875  0.00271081
           8   -0.960319   -0.967806  0.00257978
           9   -0.963426   -0.967319  0.00232661
          10   -0.956594   -0.966247  0.00234108
          11   -0.967862   -0.966393  0.00212267
          12   -0.962015   -0.966028  0.00197178
          13   -0.975766   -0.966778  0.00196236
          14   -0.973325   -0.967245  0.00187603
          15   -0.959416   -0.966723  0.00182282
          16   -0.957697   -0.966159  0.00179599
          17   -0.967272   -0.966225  0.00168831
          18   -0.956926   -0.965708  0.00167348
          19   -0.965085   -0.965675   0.0015833
          20   -0.960402   -0.965412  0.00152501
           1   -0.966904   -0.966904           0
           2   -0.971462   -0.969183    0.002279
           3   -0.965274    -0.96788  0.00185191
           4   -0.966678    -0.96758  0.00134356
           5   -0.983683     -0.9708  0.00338461
           6   -0.961493   -0.969249  0.00316914
           7   -0.968612   -0.969158  0.00267996
           8    -0.96038   -0.968061  0.00256719
           9   -0.963292   -0.967531  0.00232523
          10   -0.956621    -0.96644  0.00234853
          11   -0.967867    -0.96657  0.00212828
          12   -0.962209   -0.966206  0.00197653
          13    -0.97595   -0.966956  0.00196656
          14   -0.973208   -0.967402  0.00187464
          15    -0.95961   -0.966883  0.00182088
          16   -0.957532   -0.966298  0.00180076
          17    -0.96727   -0.966356  0.00169249
          18   -0.957059   -0.965839   0.0016772
          19   -0.965289    -0.96581  0.00158674
          20    -0.96042   -0.965541  0.00152925
           1    -1.00424    -1.00424           0
           2    -0.99827    -1.00126  0.00298628
           3   -0.995948   -0.999487  0.00247062
           4    -1.00537    -1.00096  0.00228387
           5     -1.0036    -1.00149  0.00184648
           6    -1.00608    -1.00225   0.0016906
           7   -0.996391    -1.00141  0.00165605
           8    -1.00847     -1.0023  0.00168337
           9    -1.00398    -1.00248  0.00149635
          10     -1.0017    -1.00241  0.00134064
          11    -1.00357    -1.00251  0.00121725
          12    -1.00023    -1.00232  0.00112738
          13    -1.00665    -1.00265   0.0010891
          14   -0.997956    -1.00232  0.00106267
          15    -1.00381    -1.00242 0.000994279
          16    -1.01261    -1.00305  0.00112729
          17   -0.999388    -1.00284  0.00108065
          18    -1.00573      -1.003  0.00103146
          19    -1.01146    -1.00344  0.00107244
          20    -1.00308    -1.00343  0.00101757
           1    -1.00569    -1.00569           0
           2   -0.998292    -1.00199  0.00369904
           3   -0.995973   -0.999985  0.00293007
           4    -1.00541    -1.00134  0.00247583
           5    -1.00365     -1.0018  0.00197245
           6     -1.0061    -1.00252  0.00176283
           7   -0.996414    -1.00165  0.00172634
           8    -1.00862    -1.00252  0.00173055
           9    -1.00394    -1.00268  0.00153441
          10    -1.00159    -1.00257  0.00137674
          11    -1.00359    -1.00266   0.0012488
          12    -1.00027    -1.00246   0.0011573
          13    -1.00659    -1.00278  0.00111087
          14   -0.997924    -1.00243  0.00108537
          15    -1.00371    -1.00252  0.00101398
          16    -1.01268    -1.00315  0.00114153
          17   -0.999408    -1.00293  0.00109466
          18    -1.00579    -1.00309  0.00104418
          19    -1.01149    -1.00353  0.00108216
          20    -1.00316    -1.00351   0.0010268
           1   -0.962853   -0.962853           0
           2   -0.960708   -0.961781  0.00107252
           3   -0.972008    -0.96519  0.00346486
           4   -0.963056   -0.964656  0.00250741
           5   -0.967572    -0.96524   0.0020279
           6   -0.960087   -0.964381  0.00186524
           7    -0.96362   -0.964272  0.00158016
           8   -0.962373   -0.964035  0.00138889
           9   -0.962604   -0.963876  0.00123516
          10   -0.955145   -0.963003  0.00140812
          11    -0.96293   -0.962996  0.00127371
          12   -0.977456   -0.964201   0.0016745
          13   -0.967355   -0.964444  0.00155931
          14   -0.959944   -0.964122  0.00147899
          15   -0.946711   -0.962961  0.00180085
          16   -0.970652   -0.963442  0.00175177
          17   -0.959014   -0.963182  0.00166599
          18   -0.967977   -0.963448  0.00159315
          19   -0.967218   -0.963646  0.00151997
          20    -0.96093   -0.963511  0.00144835
           1   -0.963404   -0.963404           0
           2   -0.960783   -0.962093  0.00131008
           3    -0.97204   -0.965409  0.00340083
           4    -0.96303   -0.964814  0.00247722
           5   -0.967534   -0.965358  0.00199447
           6   -0.960111   -0.964484  0.00184846
           7   -0.963569   -0.964353  0.00156769
           8   -0.962376   -0.964106  0.00137996
           9   -0.962657   -0.963945   0.0012276
          10   -0.955067   -0.963057  0.00141204
          11   -0.962918   -0.963045   0.0012773
          12   -0.977553   -0.964254  0.00167967
          13   -0.967357   -0.964492  0.00156341
          14    -0.95994   -0.964167  0.00148351
          15    -0.94681    -0.96301  0.00180175
          16   -0.970682    -0.96349  0.00175226
          17   -0.959072    -0.96323  0.00166635
          18   -0.967937   -0.963491  0.00159267
          19   -0.967192   -0.963686  0.00151906
          20   -0.961018   -0.963553  0.00144726
