           1         1.1         1.1           0
           2         1.1         1.1           0
           3         1.1         1.1           0
           4         1.1         1.1           0
           5         1.1         1.1           0
           6         1.1         1.1           0
           7         1.1         1.1           0
           8         1.1         1.1           0
           9         1.1         1.1           0
          10         1.1         1.1   6.664e-09
          11         1.1         1.1 6.35388e-09
          12         1.1         1.1 6.08337e-09
          13         1.1         1.1 5.84472e-09
          14         1.1         1.1 5.63211e-09
          15         1.1         1.1 5.44113e-09
          16         1.1         1.1 5.26836e-09
          17         1.1         1.1 5.11106e-09
          18         1.1         1.1           0
          19         1.1         1.1           0
          20         1.1         1.1           0
          21         1.1         1.1           0
          22         1.1         1.1 4.49287e-09
          23         1.1         1.1 4.39411e-09
          24         1.1         1.1 4.30159e-09
          25         1.1         1.1 4.21468e-09
          26         1.1         1.1 4.13284e-09
          27         1.1         1.1 4.05558e-09
          28         1.1         1.1 6.29689e-09
          29         1.1         1.1 6.18737e-09
          30         1.1         1.1 6.08337e-09
          31         1.1         1.1 5.98445e-09
          32         1.1         1.1  5.8902e-09
          33         1.1         1.1 5.80027e-09
          34         1.1         1.1 5.71433e-09
          35         1.1         1.1 5.63211e-09
          36         1.1         1.1 5.55333e-09
          37         1.1         1.1 5.47778e-09
          38         1.1         1.1 5.40522e-09
          39         1.1         1.1 6.31302e-09
          40         1.1         1.1  6.2336e-09
          41         1.1         1.1 6.15711e-09
          42         1.1         1.1 6.08337e-09
          43         1.1         1.1 6.01222e-09
          44         1.1         1.1 5.94351e-09
          45         1.1         1.1  5.8771e-09
          46         1.1         1.1 5.81286e-09
          47         1.1         1.1 5.75069e-09
          48         1.1         1.1 5.69047e-09
          49         1.1         1.1 5.63211e-09
          50         1.1         1.1  5.5755e-09
          51         1.1         1.1 5.52057e-09
          52         1.1         1.1 5.46723e-09
          53         1.1         1.1 5.41541e-09
          54         1.1         1.1 5.36503e-09
          55         1.1         1.1 5.68308e-09
          56         1.1         1.1 5.63211e-09
          57         1.1         1.1 5.92112e-09
          58         1.1         1.1 5.86985e-09
          59         1.1         1.1 6.13471e-09
          60         1.1         1.1 6.08337e-09
          61         1.1         1.1 5.72369e-09
          62         1.1         1.1 5.67735e-09
          63         1.1         1.1 4.96705e-09
          64         1.1         1.1  4.9281e-09
          65         1.1         1.1 4.89004e-09
          66         1.1         1.1 4.49287e-09
          67         1.1         1.1 4.45921e-09
          68         1.1         1.1 4.04064e-09
          69         1.1         1.1 4.01126e-09
          70         1.1         1.1  3.9825e-09
          71         1.1         1.1 3.53688e-09
          72         1.1         1.1 3.51224e-09
          73         1.1         1.1  3.4881e-09
          74         1.1         1.1  3.0003e-09
          75         1.1         1.1 2.98023e-09
          76         1.1         1.1 2.96056e-09
          77         1.1         1.1           0
          78         1.1         1.1 1.68722e-09
          79         1.1         1.1 1.67651e-09
          80         1.1         1.1   1.666e-09
          81         1.1         1.1 1.65568e-09
          82         1.1         1.1           0
          83         1.1         1.1           0
          84         1.1         1.1  2.2993e-09
          85         1.1         1.1 2.28573e-09
          86         1.1         1.1 1.60683e-09
          87         1.1         1.1 1.59757e-09
          88         1.1         1.1 2.75131e-09
          89         1.1         1.1 2.73581e-09
          90         1.1         1.1 2.22133e-09
          91         1.1         1.1  2.2091e-09
          92         1.1         1.1 3.10711e-09
          93         1.1         1.1 3.09036e-09
          94         1.1         1.1 3.07387e-09
          95         1.1         1.1 3.05765e-09
          96         1.1         1.1 2.63418e-09
          97         1.1         1.1 3.70604e-09
          98         1.1         1.1 3.68708e-09
          99         1.1         1.1 3.66841e-09
         100         1.1         1.1 3.65002e-09
         101         1.1         1.1 3.31546e-09
         102         1.1         1.1 3.29917e-09
         103         1.1         1.1 3.88464e-09
         104         1.1         1.1 3.86592e-09
         105         1.1         1.1 3.84746e-09
         106         1.1         1.1 3.82927e-09
         107         1.1         1.1 3.81134e-09
         108         1.1         1.1 4.05558e-09
         109         1.1         1.1 4.51343e-09
         110         1.1         1.1 4.49287e-09
         111         1.1         1.1 4.69089e-09
         112         1.1         1.1  4.6699e-09
         113         1.1         1.1 4.85592e-09
         114         1.1         1.1 4.83458e-09
         115         1.1         1.1 4.81351e-09
         116         1.1         1.1 5.35842e-09
         117         1.1         1.1 5.33547e-09
         118         1.1         1.1 5.48705e-09
         119         1.1         1.1 5.46395e-09
         120         1.1         1.1 5.44113e-09
         121         1.1         1.1 5.58537e-09
         122         1.1         1.1 5.56243e-09
         123         1.1         1.1 5.53977e-09
         124         1.1         1.1 5.98445e-09
         125         1.1         1.1 5.96046e-09
         126         1.1         1.1 5.93676e-09
         127         1.1         1.1 6.05938e-09
         128         1.1         1.1 6.03566e-09
         129         1.1         1.1 6.01222e-09
         130         1.1         1.1 6.12999e-09
         131         1.1         1.1 6.10655e-09
         132         1.1         1.1 6.08337e-09
         133         1.1         1.1 6.58842e-09
         134         1.1         1.1 6.56379e-09
         135         1.1         1.1 6.53943e-09
         136         1.1         1.1 6.51534e-09
         137         1.1         1.1 6.61518e-09
         138         1.1         1.1 6.59117e-09
         139         1.1         1.1 6.56742e-09
         140         1.1         1.1 6.54392e-09
         141         1.1         1.1 6.64033e-09
         142         1.1         1.1 6.61691e-09
         143         1.1         1.1 6.59373e-09
         144         1.1         1.1 6.80142e-09
         145         1.1         1.1 6.88996e-09
         146         1.1         1.1 6.86633e-09
         147         1.1         1.1 6.84293e-09
         148         1.1         1.1 6.81978e-09
         149         1.1         1.1 6.90561e-09
         150         1.1         1.1 6.88255e-09
         151         1.1         1.1 6.85972e-09
         152         1.1         1.1 6.83712e-09
         153         1.1         1.1  6.9204e-09
         154         1.1         1.1  6.8979e-09
         155         1.1         1.1 6.87561e-09
         156         1.1         1.1 7.05817e-09
         157         1.1         1.1 7.03565e-09
         158         1.1         1.1 7.11284e-09
         159         1.1         1.1 7.09043e-09
         160         1.1         1.1 7.06824e-09
         161         1.1         1.1 7.04626e-09
         162         1.1         1.1 7.02447e-09
         163         1.1         1.1 7.09949e-09
         164         1.1         1.1 7.07781e-09
         165         1.1         1.1 7.05633e-09
         166         1.1         1.1 7.03505e-09
         167         1.1         1.1 7.01395e-09
         168         1.1         1.1 7.08692e-09
         169         1.1         1.1 7.06592e-09
         170         1.1         1.1  7.0451e-09
         171         1.1         1.1 7.20696e-09
         172         1.1         1.1 7.18598e-09
         173         1.1         1.1 7.16518e-09
         174         1.1         1.1 7.23332e-09
         175         1.1         1.1 7.21262e-09
         176         1.1         1.1  7.1921e-09
         177         1.1         1.1 7.17175e-09
         178         1.1         1.1 7.15158e-09
         179         1.1         1.1 7.13158e-09
         180         1.1         1.1 7.19794e-09
         181         1.1         1.1 7.17803e-09
         182         1.1         1.1 7.15829e-09
         183         1.1         1.1  7.1387e-09
         184         1.1         1.1 7.11928e-09
         185         1.1         1.1 7.10001e-09
         186         1.1         1.1  7.0809e-09
         187         1.1         1.1 7.14552e-09
         188         1.1         1.1 7.12649e-09
         189         1.1         1.1 7.27102e-09
         190         1.1         1.1 7.25186e-09
         191         1.1         1.1 7.23285e-09
         192         1.1         1.1 7.21399e-09
         193         1.1         1.1 7.19528e-09
         194         1.1         1.1 7.25601e-09
         195         1.1         1.1 7.23739e-09
         196         1.1         1.1  7.2189e-09
         197         1.1         1.1 7.20055e-09
         198         1.1         1.1 7.18235e-09
         199         1.1         1.1 7.16428e-09
         200         1.1         1.1 7.14635e-09
         201         1.1         1.1 7.20561e-09
         202         1.1         1.1 7.18776e-09
         203         1.1         1.1 7.17003e-09
         204         1.1         1.1 7.15244e-09
         205         1.1         1.1 7.13497e-09
         206         1.1         1.1 7.11763e-09
         207         1.1         1.1 7.10042e-09
         208         1.1         1.1 7.08333e-09
         209         1.1         1.1 7.14114e-09
         210         1.1         1.1 7.12412e-09
         211         1.1         1.1 7.32595e-09
         212         1.1         1.1 7.30865e-09
         213         1.1         1.1 7.21964e-09
         214         1.1         1.1 7.20275e-09
         215         1.1         1.1 7.11376e-09
         216         1.1         1.1 7.09727e-09
         217         1.1         1.1 7.00827e-09
         218         1.1         1.1 6.99218e-09
         219         1.1         1.1  6.9762e-09
         220         1.1         1.1 6.88744e-09
         221         1.1         1.1 6.87184e-09
         222         1.1         1.1 6.78301e-09
         223         1.1         1.1 6.76779e-09
         224         1.1         1.1 6.67886e-09
         225         1.1         1.1   6.664e-09
         226         1.1         1.1 6.57495e-09
         227         1.1         1.1 6.56045e-09
         228         1.1         1.1 6.54605e-09
         229         1.1         1.1 6.45709e-09
         230         1.1         1.1 6.44303e-09
         231         1.1         1.1 6.35388e-09
         232         1.1         1.1 6.34017e-09
         233         1.1         1.1 6.25078e-09
         234         1.1         1.1 6.00488e-09
         235         1.1         1.1 5.99209e-09
         236         1.1         1.1  5.7385e-09
         237         1.1         1.1 5.72638e-09
         238         1.1         1.1 5.54867e-09
         239         1.1         1.1 5.45251e-09
         240         1.1         1.1 5.26836e-09
         241         1.1         1.1 5.16905e-09
         242         1.1         1.1 4.97731e-09
         243         1.1         1.1 4.96705e-09
         244         1.1         1.1 4.57498e-09
         245         1.1         1.1 4.56563e-09
         246         1.1         1.1 4.24881e-09
         247         1.1         1.1  4.2402e-09
         248         1.1         1.1 4.23165e-09
         249         1.1         1.1 3.89354e-09
         250         1.1         1.1 3.88575e-09
         251         1.1         1.1 3.64275e-09
         252         1.1         1.1 3.51224e-09
         253         1.1         1.1 3.24527e-09
         254         1.1         1.1 3.23887e-09
         255         1.1         1.1 2.63934e-09
         256         1.1         1.1 2.63418e-09
         257         1.1         1.1 2.62905e-09
         258         1.1         1.1 2.07441e-09
         259         1.1         1.1  2.0704e-09
         260         1.1         1.1 1.60064e-09
         261         1.1         1.1 1.30441e-09
         262         1.1         1.1 1.30192e-09
         263         1.1         1.1           0
         264         1.1         1.1 9.17103e-10
         265         1.1         1.1 1.58547e-09
         266         1.1         1.1 1.58249e-09
         267         1.1         1.1 1.82387e-09
         268         1.1         1.1 2.40825e-09
         269         1.1         1.1 2.40377e-09
         270         1.1         1.1 2.72057e-09
         271         1.1         1.1 2.86243e-09
         272         1.1         1.1 2.85717e-09
         273         1.1         1.1 3.12413e-09
         274         1.1         1.1 3.24576e-09
         275         1.1         1.1 3.48016e-09
         276         1.1         1.1 3.47385e-09
         277         1.1         1.1  3.5813e-09
         278         1.1         1.1  3.7917e-09
         279         1.1         1.1  3.7849e-09
         280         1.1         1.1 3.77813e-09
         281         1.1         1.1 4.16945e-09
         282         1.1         1.1 4.16205e-09
         283         1.1         1.1 4.15469e-09
         284         1.1         1.1 4.33178e-09
         285         1.1         1.1 4.41334e-09
         286         1.1         1.1 4.40562e-09
         287         1.1         1.1 4.57047e-09
         288         1.1         1.1 4.64625e-09
         289         1.1         1.1 4.63821e-09
         290         1.1         1.1 4.79272e-09
         291         1.1         1.1 4.78447e-09
         292         1.1         1.1 4.85523e-09
         293         1.1         1.1 5.00084e-09
         294         1.1         1.1 4.99233e-09
         295         1.1         1.1 4.98386e-09
         296         1.1         1.1 5.26836e-09
         297         1.1         1.1 5.25948e-09
         298         1.1         1.1 5.25065e-09
         299         1.1         1.1 5.38167e-09
         300         1.1         1.1 5.44113e-09
         301         1.1         1.1 5.43209e-09
         302         1.1         1.1 5.55701e-09
         303         1.1         1.1 5.54783e-09
         304         1.1         1.1 5.60425e-09
         305         1.1         1.1 5.72369e-09
         306         1.1         1.1 5.71433e-09
         307         1.1         1.1 5.70502e-09
         308         1.1         1.1 5.75869e-09
         309         1.1         1.1 5.87302e-09
         310         1.1         1.1 5.86354e-09
         311         1.1         1.1 5.85411e-09
         312         1.1         1.1  6.0246e-09
         313         1.1         1.1 6.07365e-09
         314         1.1         1.1 6.06397e-09
         315         1.1         1.1 6.05434e-09
         316         1.1         1.1  6.1599e-09
         317         1.1         1.1 6.20686e-09
         318         1.1         1.1 6.19709e-09
         319         1.1         1.1 6.29886e-09
         320         1.1         1.1 6.28901e-09
         321         1.1         1.1 6.27921e-09
         322         1.1         1.1 6.32421e-09
         323         1.1         1.1 6.42236e-09
         324         1.1         1.1 6.41244e-09
         325         1.1         1.1 6.40257e-09
         326         1.1         1.1 6.39274e-09
         327         1.1         1.1 6.54058e-09
         328         1.1         1.1 6.53061e-09
         329         1.1         1.1 6.52067e-09
         330         1.1         1.1 6.51079e-09
         331         1.1         1.1 6.65393e-09
         332         1.1         1.1 6.69404e-09
         333         1.1         1.1 6.68398e-09
         334         1.1         1.1 6.67397e-09
         335         1.1         1.1 6.76273e-09
         336         1.1         1.1 6.75266e-09
         337         1.1         1.1 6.79132e-09
         338         1.1         1.1 6.78127e-09
         339         1.1         1.1 6.86731e-09
         340         1.1         1.1  6.8572e-09
         341         1.1         1.1 6.84714e-09
         342         1.1         1.1 6.88444e-09
         343         1.1         1.1 6.96793e-09
         344         1.1         1.1 6.95779e-09
         345         1.1         1.1  6.9477e-09
         346         1.1         1.1 6.93765e-09
         347         1.1         1.1 7.06485e-09
         348         1.1         1.1 7.05469e-09
         349         1.1         1.1 7.04457e-09
         350         1.1         1.1  7.0345e-09
         351         1.1         1.1 7.15829e-09
         352         1.1         1.1 7.14811e-09
         353         1.1         1.1 7.18191e-09
         354         1.1         1.1 7.17175e-09
         355         1.1         1.1 7.16165e-09
         356         1.1         1.1 7.23827e-09
         357         1.1         1.1 7.22812e-09
         358         1.1         1.1 7.26086e-09
         359         1.1         1.1 7.25074e-09
         360         1.1         1.1 7.24066e-09
         361         1.1         1.1  7.3152e-09
         362         1.1         1.1 7.30509e-09
         363         1.1         1.1 7.29502e-09
         364         1.1         1.1 7.32674e-09
         365         1.1         1.1 7.39937e-09
         366         1.1         1.1 7.38926e-09
         367         1.1         1.1 7.37918e-09
         368         1.1         1.1 7.36915e-09
         369         1.1         1.1 7.35916e-09
         370         1.1         1.1 7.43042e-09
         371         1.1         1.1 7.46062e-09
         372         1.1         1.1 7.45058e-09
         373         1.1         1.1 7.44059e-09
         374         1.1         1.1 7.43063e-09
         375         1.1         1.1 7.53946e-09
         376         1.1         1.1 7.52942e-09
         377         1.1         1.1 7.55849e-09
         378         1.1         1.1 7.54849e-09
         379         1.1         1.1 7.53852e-09
         380         1.1         1.1 7.60582e-09
         381         1.1         1.1 7.59583e-09
         382         1.1         1.1 7.58588e-09
         383         1.1         1.1 7.61414e-09
         384         1.1         1.1 7.60422e-09
         385         1.1         1.1  7.6699e-09
         386         1.1         1.1 7.65996e-09
         387         1.1         1.1 7.65006e-09
         388         1.1         1.1 7.64019e-09
         389         1.1         1.1 7.63037e-09
         390         1.1         1.1 7.65784e-09
         391         1.1         1.1 7.72194e-09
         392         1.1         1.1 7.71208e-09
         393         1.1         1.1 7.70227e-09
         394         1.1         1.1 7.69248e-09
         395         1.1         1.1 7.68274e-09
         396         1.1         1.1 7.74577e-09
         397         1.1         1.1 7.77207e-09
         398         1.1         1.1  7.7623e-09
         399         1.1         1.1 7.75257e-09
         400         1.1         1.1 7.74287e-09
         401         1.1         1.1 7.73321e-09
         402         1.1         1.1 7.83012e-09
         403         1.1         1.1  7.8204e-09
         404         1.1         1.1 7.84582e-09
         405         1.1         1.1 7.83613e-09
         406         1.1         1.1 7.82647e-09
         407         1.1         1.1 7.81685e-09
         408         1.1         1.1 7.87667e-09
         409         1.1         1.1 7.86703e-09
         410         1.1         1.1 7.85743e-09
         411         1.1         1.1 7.84787e-09
         412         1.1         1.1 7.87264e-09
         413         1.1         1.1  7.8631e-09
         414         1.1         1.1  7.9216e-09
         415         1.1         1.1 7.91205e-09
         416         1.1         1.1 7.90253e-09
         417         1.1         1.1 7.89305e-09
         418         1.1         1.1 7.88361e-09
         419         1.1         1.1 7.87419e-09
         420         1.1         1.1 7.96501e-09
         421         1.1         1.1 7.95554e-09
         422         1.1         1.1 7.94611e-09
         423         1.1         1.1 7.93671e-09
         424         1.1         1.1 7.92735e-09
         425         1.1         1.1 7.91801e-09
         426         1.1         1.1 7.87569e-09
         427         1.1         1.1  7.9323e-09
         428         1.1         1.1 7.89022e-09
         429         1.1         1.1 7.88101e-09
         430         1.1         1.1 7.83898e-09
         431         1.1         1.1 7.82988e-09
         432         1.1         1.1 7.78788e-09
         433         1.1         1.1 7.87715e-09
         434         1.1         1.1 7.83548e-09
         435         1.1         1.1 7.82647e-09
         436         1.1         1.1 7.78485e-09
         437         1.1         1.1 7.77594e-09
         438         1.1         1.1 7.76706e-09
         439         1.1         1.1 7.72554e-09
         440         1.1         1.1 7.78188e-09
         441         1.1         1.1 7.74059e-09
         442         1.1         1.1 7.73183e-09
         443         1.1         1.1 7.69058e-09
         444         1.1         1.1 7.68192e-09
         445         1.1         1.1  7.6407e-09
         446         1.1         1.1 7.63213e-09
         447         1.1         1.1 7.68847e-09
         448         1.1         1.1 7.64755e-09
         449         1.1         1.1 7.63903e-09
         450         1.1         1.1 7.59813e-09
         451         1.1         1.1  7.5897e-09
         452         1.1         1.1 7.54883e-09
         453         1.1         1.1  7.5405e-09
         454         1.1         1.1 7.59684e-09
         455         1.1         1.1 7.55627e-09
         456         1.1         1.1 7.54798e-09
         457         1.1         1.1 7.50743e-09
         458         1.1         1.1 7.49922e-09
         459         1.1         1.1 7.49105e-09
         460         1.1         1.1 7.45058e-09
         461         1.1         1.1  7.4425e-09
         462         1.1         1.1 7.46669e-09
         463         1.1         1.1 7.45862e-09
         464         1.1         1.1  7.4184e-09
         465         1.1         1.1 7.41042e-09
         466         1.1         1.1 7.40246e-09
         467         1.1         1.1 7.36231e-09
         468         1.1         1.1 7.35444e-09
         469         1.1         1.1  7.3143e-09
         470         1.1         1.1 7.30652e-09
         471         1.1         1.1 7.29876e-09
         472         1.1         1.1 7.25869e-09
         473         1.1         1.1 7.25101e-09
         474         1.1         1.1 7.33973e-09
         475         1.1         1.1 7.30005e-09
         476         1.1         1.1 7.29238e-09
         477         1.1         1.1 7.25271e-09
         478         1.1         1.1 7.24512e-09
         479         1.1         1.1 7.23755e-09
         480         1.1         1.1 7.19794e-09
         481         1.1         1.1 7.19046e-09
         482         1.1         1.1 7.24685e-09
         483         1.1         1.1 7.20752e-09
         484         1.1         1.1 7.20007e-09
         485         1.1         1.1 7.16075e-09
         486         1.1         1.1 7.15337e-09
         487         1.1         1.1 7.14603e-09
         488         1.1         1.1 7.10676e-09
         489         1.1         1.1 7.09949e-09
         490         1.1         1.1 7.15585e-09
         491         1.1         1.1 7.11686e-09
         492         1.1         1.1 7.10962e-09
         493         1.1         1.1 7.10241e-09
         494         1.1         1.1 7.06347e-09
         495         1.1         1.1 7.05633e-09
         496         1.1         1.1 7.01739e-09
         497         1.1         1.1 7.01033e-09
         498         1.1         1.1 7.00328e-09
         499         1.1         1.1 7.02799e-09
         500         1.1         1.1 7.02096e-09
