           1    -4.51561    -4.51561           0
           2    -4.41703    -4.46632   0.0348533
           3    -4.31394    -4.41552   0.0475373
           4      -4.252    -4.37464   0.0502449
           5    -4.22435    -4.34459   0.0483582
           6    -4.09872    -4.30361   0.0549842
           7    -4.01555    -4.26246   0.0606028
           8    -3.95154    -4.22359   0.0642927
           9    -3.94026    -4.19211   0.0643971
          10    -3.83298     -4.1562   0.0672296
          11    -3.88622    -4.13165   0.0654446
          12    -3.93425     -4.1152   0.0620239
          13    -3.83818    -4.09389   0.0608033
          14    -3.75383     -4.0696   0.0611198
          15    -3.72871    -4.04688   0.0611246
          16    -3.80449    -4.03173   0.0591518
          17    -3.83501    -4.02016   0.0567929
          18    -3.81636    -4.00883   0.0547548
          19    -3.81794    -3.99879   0.0527866
          20     -3.7843    -3.98806   0.0512251
          21    -3.71394    -3.97501   0.0504216
          22    -3.67926    -3.96157   0.0498896
          23     -3.7984    -3.95447   0.0482223
          24    -3.84084    -3.94974   0.0464449
          25    -3.83288    -3.94506   0.0448217
          26    -3.68796    -3.93517   0.0441751
          27    -3.80312    -3.93028   0.0428089
          28    -3.71059    -3.92244   0.0419929
          29    -3.69584    -3.91462   0.0412654
          30       -3.69    -3.90714   0.0405635
          31    -3.66753    -3.89941   0.0399846
          32    -3.71163    -3.89354   0.0391633
          33    -3.80482    -3.89085   0.0380687
          34    -3.80369    -3.88829   0.0370353
          35    -3.77867    -3.88515   0.0361093
          36    -3.71683    -3.88048   0.0354077
          37    -3.63359    -3.87381   0.0350738
          38    -3.71462    -3.86962   0.0344001
          39    -3.71218    -3.86558   0.0337541
          40    -3.62157    -3.85948   0.0334569
          41    -3.48632    -3.85038   0.0338563
          42    -3.40103    -3.83968   0.0346994
          43    -3.55495    -3.83306   0.0345185
          44     -3.5877    -3.82748   0.0341814
          45    -3.58991     -3.8222   0.0338271
          46    -3.65524    -3.81857   0.0332859
          47    -3.79274    -3.81802   0.0325822
          48    -3.78425    -3.81732    0.031911
          49    -3.72658    -3.81547   0.0313134
          50    -3.69012    -3.81296   0.0307874
          51    -3.76962    -3.81211   0.0301954
          52    -3.72012    -3.81034   0.0296665
          53    -3.82488    -3.81062    0.029108
          54    -3.88157    -3.81193   0.0285986
          55    -3.85655    -3.81274   0.0280902
          56    -3.79145    -3.81236   0.0275911
          57    -3.72162    -3.81077    0.027153
          58    -3.63892    -3.80781    0.026846
          59    -3.60132    -3.80431   0.0266181
          60    -3.64042    -3.80158   0.0263142
          61     -3.6591    -3.79924   0.0259863
          62    -3.63333    -3.79656   0.0257046
          63    -3.62848     -3.7939   0.0254346
          64    -3.62371    -3.79124   0.0251758
          65    -3.71059       -3.79   0.0248191
          66      -3.673    -3.78822   0.0245062
          67    -3.68686    -3.78671   0.0241871
          68    -3.76572     -3.7864   0.0238334
          69    -3.71604    -3.78538   0.0235098
          70     -3.6842    -3.78394   0.0232183
          71    -3.67063    -3.78234   0.0229461
          72    -3.67521    -3.78085   0.0226756
          73    -3.81512    -3.78132   0.0223698
          74    -3.73629    -3.78071   0.0220758
          75     -3.6182    -3.77855   0.0218876
          76    -3.65032    -3.77686   0.0216645
          77    -3.61371    -3.77474   0.0214865
          78    -3.62872    -3.77287   0.0212924
          79    -3.56077    -3.77018   0.0211915
          80    -3.60718    -3.76815   0.0210243
          81    -3.69649    -3.76726   0.0207834
          82    -3.71355    -3.76661   0.0205402
          83     -3.7026    -3.76584   0.0203072
          84    -3.71054    -3.76518   0.0200762
          85    -3.71226    -3.76455   0.0198496
          86    -3.75131     -3.7644   0.0196194
          87    -3.67271    -3.76335   0.0194222
          88    -3.77885    -3.76352   0.0192023
          89    -3.75974    -3.76348   0.0189866
          90    -3.74022    -3.76322   0.0187774
          91     -3.6662    -3.76216   0.0186013
          92    -3.68704    -3.76134    0.018417
          93    -3.71848    -3.76088   0.0182247
          94    -3.67149    -3.75993   0.0180556
          95    -3.59071    -3.75815   0.0179532
          96    -3.56061    -3.75609   0.0178837
          97    -3.61833    -3.75467   0.0177557
          98    -3.60531    -3.75314   0.0176398
          99    -3.64121    -3.75201   0.0174978
         100    -3.61767    -3.75067   0.0173743
         101    -3.62893    -3.74946    0.017244
         102    -3.63435    -3.74834   0.0171119
         103    -3.55158    -3.74643    0.017052
         104    -3.56123    -3.74465   0.0169808
         105    -3.59377    -3.74321   0.0168797
         106    -3.64949    -3.74232   0.0167436
         107    -3.55639    -3.74059   0.0166771
         108    -3.51656    -3.73851   0.0166512
         109    -3.52869    -3.73659   0.0166093
         110    -3.57299     -3.7351   0.0165248
         111    -3.59309    -3.73382   0.0164254
         112    -3.63623    -3.73295   0.0163018
         113    -3.66805    -3.73237   0.0161676
         114    -3.54677    -3.73075   0.0161076
         115    -3.53122    -3.72901   0.0160607
         116    -3.40335     -3.7262   0.0161658
         117    -3.54077    -3.72462   0.0161051
         118    -3.47196    -3.72248   0.0161103
         119     -3.5329    -3.72089   0.0160535
         120     -3.4827     -3.7189    0.016042
         121    -3.46399    -3.71679   0.0160471
         122    -3.49826      -3.715   0.0160152
         123    -3.51294    -3.71336   0.0159691
         124    -3.50218    -3.71166   0.0159308
         125    -3.46168    -3.70966   0.0159284
         126    -3.51932    -3.70815   0.0158735
         127    -3.50882    -3.70658   0.0158259
         128    -3.57192    -3.70552   0.0157372
         129    -3.56041     -3.7044   0.0156553
         130    -3.58033    -3.70345    0.015564
         131    -3.53851    -3.70219    0.015496
         132    -3.57557    -3.70123   0.0154083
         133    -3.58357    -3.70034   0.0153178
         134    -3.53891    -3.69914   0.0152508
         135    -3.54879    -3.69802   0.0151784
         136    -3.61943    -3.69745   0.0150778
         137    -3.54855    -3.69636   0.0150069
         138    -3.67871    -3.69623   0.0148987
         139    -3.69638    -3.69623   0.0147915
         140    -3.66423      -3.696   0.0146876
         141    -3.68782    -3.69595   0.0145836
         142    -3.63488    -3.69552   0.0144872
         143    -3.52103     -3.6943   0.0144372
         144    -3.68043     -3.6942   0.0143372
         145    -3.63957    -3.69382   0.0142433
         146    -3.55271    -3.69286   0.0141785
         147    -3.66268    -3.69265   0.0140836
         148    -3.70053     -3.6927   0.0139885
         149    -3.67777     -3.6926    0.013895
         150    -3.61095    -3.69206    0.013813
         151    -3.64467    -3.69175   0.0137251
         152    -3.59518    -3.69111   0.0136495
         153    -3.51373    -3.68995   0.0136094
         154    -3.54992    -3.68904   0.0135514
         155    -3.47565    -3.68766   0.0135337
         156    -3.58874    -3.68703   0.0134618
         157    -3.61299    -3.68656   0.0133843
         158    -3.68335    -3.68654   0.0132996
         159    -3.65473    -3.68634   0.0132175
         160     -3.7059    -3.68646   0.0131354
         161    -3.72668    -3.68671   0.0130562
         162    -3.70124     -3.6868   0.0129759
         163    -3.69661    -3.68686   0.0128965
         164    -3.60644    -3.68637   0.0128272
         165    -3.66717    -3.68625   0.0127499
         166    -3.64284    -3.68599   0.0126758
         167    -3.65342     -3.6858   0.0126014
         168     -3.6128    -3.68536   0.0125339
         169    -3.64721    -3.68514   0.0124618
         170    -3.64803    -3.68492   0.0123904
         171    -3.64185    -3.68467   0.0123205
         172    -3.64748    -3.68445   0.0122507
         173    -3.65657    -3.68429    0.012181
         174    -3.59296    -3.68376   0.0121223
         175    -3.58382    -3.68319   0.0120665
         176     -3.5368    -3.68236   0.0120265
         177    -3.52217    -3.68146   0.0119926
         178    -3.44404    -3.68012   0.0119992
         179    -3.59823    -3.67967   0.0119408
         180    -3.59142    -3.67918   0.0118846
         181    -3.54998    -3.67846   0.0118403
         182    -3.55093    -3.67776    0.011796
         183    -3.55643     -3.6771   0.0117501
         184    -3.60613    -3.67671   0.0116926
         185    -3.49057    -3.67571   0.0116726
         186    -3.48925     -3.6747   0.0116528
         187    -3.50601     -3.6738   0.0116254
         188    -3.48696    -3.67281    0.011606
         189    -3.57933    -3.67231   0.0115551
         190    -3.56223    -3.67173   0.0115088
         191    -3.55583    -3.67113   0.0114645
         192    -3.62969    -3.67091   0.0114068
         193    -3.56219    -3.67035   0.0113616
         194    -3.58022    -3.66988   0.0113126
         195    -3.50262    -3.66903    0.011287
         196    -3.43481    -3.66783   0.0112925
         197    -3.41297    -3.66654    0.011309
         198    -3.43028    -3.66534   0.0113147
         199    -3.44618    -3.66424   0.0113113
         200    -3.46189    -3.66323   0.0112999
         201    -3.54129    -3.66262     0.01126
         202    -3.53248    -3.66198   0.0112227
         203    -3.53087    -3.66133   0.0111859
         204      -3.583    -3.66095   0.0111377
         205    -3.53084    -3.66031   0.0111014
         206    -3.46364    -3.65936   0.0110885
         207    -3.43941     -3.6583   0.0110857
         208    -3.46939    -3.65739   0.0110696
         209    -3.36241    -3.65598   0.0111062
         210    -3.37257    -3.65463    0.011135
         211     -3.4116    -3.65348   0.0111417
         212    -3.53532    -3.65292   0.0111031
         213    -3.48286    -3.65212   0.0110796
         214    -3.59844    -3.65187   0.0110307
         215    -3.63342    -3.65178   0.0109797
         216    -3.55513    -3.65134    0.010938
         217     -3.4944    -3.65061   0.0109115
         218    -3.56974    -3.65024   0.0108677
         219    -3.64297    -3.65021   0.0108181
         220    -3.58841    -3.64993   0.0107726
         221      -3.484    -3.64918     0.01075
         222    -3.44209    -3.64824    0.010742
         223    -3.50189    -3.64759   0.0107138
         224    -3.40976    -3.64653   0.0107185
         225    -3.32676    -3.64511   0.0107646
         226    -3.29219    -3.64354   0.0108297
         227    -3.22909    -3.64172   0.0109348
         228    -3.13719    -3.63951   0.0111085
         229    -3.13268    -3.63729   0.0112783
         230    -3.21223    -3.63544   0.0113797
         231    -3.24495    -3.63375   0.0114553
         232    -3.31544    -3.63238   0.0114878
         233    -3.25252    -3.63075   0.0115536
         234    -3.39633    -3.62975   0.0115476
         235    -3.33983    -3.62852   0.0115641
         236    -3.20608    -3.62673   0.0116528
         237    -3.28551    -3.62529   0.0116923
         238    -3.15163     -3.6233   0.0118113
         239    -3.10374    -3.62112   0.0119603
         240    -3.21694    -3.61944   0.0120284
         241    -3.26203    -3.61795   0.0120696
         242    -3.34365    -3.61682   0.0120728
         243    -3.29163    -3.61548   0.0120971
         244     -3.2977    -3.61418   0.0121174
         245    -3.37899    -3.61322   0.0121059
         246    -3.35117    -3.61216   0.0121035
         247    -3.40169     -3.6113   0.0120844
         248    -3.38314    -3.61038   0.0120707
         249    -3.34592    -3.60932   0.0120688
         250    -3.28555    -3.60803   0.0120898
         251    -3.25885    -3.60663   0.0121214
         252    -3.30871    -3.60545   0.0121309
         253    -3.44236    -3.60481      0.0121
         254    -3.48786    -3.60435   0.0120611
         255    -3.44561    -3.60373   0.0120299
         256    -3.40547    -3.60295   0.0120078
         257    -3.44274    -3.60233   0.0119773
         258    -3.36078    -3.60139   0.0119674
         259    -3.44464    -3.60079   0.0119365
         260    -3.45459    -3.60022   0.0119038
         261    -3.44444    -3.59963   0.0118731
         262     -3.5217    -3.59933   0.0118315
         263     -3.4815    -3.59888    0.011795
         264    -3.48626    -3.59845   0.0117581
         265    -3.38834    -3.59766   0.0117404
         266    -3.41507    -3.59698   0.0117163
         267    -3.47315    -3.59651   0.0116816
         268     -3.4641    -3.59602   0.0116485
         269    -3.47078    -3.59555   0.0116145
         270    -3.42504    -3.59492   0.0115886
         271    -3.41058    -3.59424   0.0115658
         272    -3.40527    -3.59355   0.0115441
         273    -3.47296     -3.5931   0.0115103
         274    -3.52794    -3.59287   0.0114707
         275    -3.47576    -3.59244   0.0114369
         276    -3.39745    -3.59173   0.0114173
         277    -3.40364    -3.59105   0.0113962
         278    -3.45028    -3.59055   0.0113665
         279    -3.38175     -3.5898   0.0113503
         280    -3.42639    -3.58922   0.0113248
         281     -3.4239    -3.58863   0.0112998
         282     -3.4261    -3.58805   0.0112744
         283    -3.34462    -3.58719   0.0112673
         284     -3.3665    -3.58641   0.0112544
         285    -3.34848    -3.58558   0.0112458
         286    -3.31326    -3.58463   0.0112468
         287    -3.34931    -3.58381   0.0112374
         288    -3.30168    -3.58283    0.011241
         289    -3.39937    -3.58219     0.01122
         290    -3.43262    -3.58168   0.0111932
         291    -3.48134    -3.58133     0.01116
         292    -3.41416    -3.58076   0.0111365
         293     -3.3969    -3.58013   0.0111161
         294    -3.42944    -3.57962   0.0110901
         295    -3.40791    -3.57904   0.0110678
         296    -3.43623    -3.57856   0.0110409
         297     -3.4306    -3.57806    0.011015
         298    -3.51863    -3.57786   0.0109798
         299    -3.53921    -3.57773   0.0109439
         300    -3.47343    -3.57738   0.0109129
         301    -3.42813    -3.57689   0.0108879
         302    -3.32108    -3.57604   0.0108848
         303    -3.43275    -3.57557   0.0108591
         304    -3.44232    -3.57513   0.0108322
         305    -3.33599    -3.57434   0.0108251
         306    -3.31218    -3.57349   0.0108235
         307    -3.33686    -3.57272   0.0108157
         308    -3.40671    -3.57218    0.010794
         309    -3.47092    -3.57185    0.010764
         310    -3.34544    -3.57112   0.0107541
         311    -3.38941    -3.57053   0.0107353
         312    -3.40736    -3.57001   0.0107137
         313    -3.41451    -3.56951   0.0106909
         314    -3.44539    -3.56912   0.0106642
         315    -3.41366    -3.56863   0.0106418
         316    -3.39782    -3.56808   0.0106218
         317     -3.3799    -3.56749   0.0106049
         318    -3.48652    -3.56724   0.0105746
         319    -3.59518    -3.56732   0.0105418
         320    -3.57547    -3.56735   0.0105089
         321    -3.52874    -3.56723   0.0104768
         322    -3.46048     -3.5669   0.0104495
         323    -3.51467    -3.56674   0.0104184
         324    -3.50408    -3.56654   0.0103881
         325    -3.54482    -3.56648   0.0103563
         326    -3.54378    -3.56641   0.0103248
         327    -3.54577    -3.56634   0.0102934
         328    -3.50196    -3.56615   0.0102639
         329    -3.54979     -3.5661   0.0102328
         330    -3.61185    -3.56624   0.0102028
         331    -3.50861    -3.56606   0.0101734
         332    -3.50911    -3.56589   0.0101442
         333    -3.56674    -3.56589   0.0101138
         334    -3.53041    -3.56579    0.010084
         335    -3.54647    -3.56573   0.0100541
         336    -3.45907    -3.56541   0.0100292
         337    -3.54096    -3.56534  0.00999968
         338    -3.51637    -3.56519  0.00997115
         339    -3.45373    -3.56487  0.00994716
         340    -3.43016    -3.56447  0.00992579
         341    -3.42662    -3.56406  0.00990491
         342    -3.26289    -3.56318  0.00991501
         343    -3.29061    -3.56239   0.0099179
         344    -3.45374    -3.56207   0.0098941
         345    -3.49234    -3.56187  0.00986749
         346    -3.43709    -3.56151  0.00984555
         347    -3.43527    -3.56115   0.0098239
         348    -3.35397    -3.56055  0.00981369
         349    -3.34555    -3.55994  0.00980489
         350    -3.31784    -3.55924  0.00980125
         351    -3.34593    -3.55864  0.00979214
         352    -3.36399    -3.55808  0.00977993
         353     -3.3127    -3.55739  0.00977689
         354    -3.28824    -3.55663  0.00977879
         355    -3.26713    -3.55581  0.00978519
         356    -3.29672    -3.55508  0.00978473
         357    -3.33707    -3.55447  0.00977636
         358    -3.25181    -3.55363  0.00978554
         359     -3.2069    -3.55266  0.00980583
         360    -3.25263    -3.55183  0.00981395
         361    -3.25955    -3.55102   0.0098201
         362    -3.18185       -3.55  0.00984579
         363    -3.26425    -3.54921  0.00985008
         364    -3.27334    -3.54845  0.00985213
         365    -3.27166     -3.5477  0.00985428
         366    -3.10167    -3.54648  0.00990243
         367    -3.15236     -3.5454   0.0099335
         368    -3.23773    -3.54457  0.00994163
         369    -3.25669    -3.54379  0.00994525
         370      -3.267    -3.54304  0.00994647
         371    -3.27061    -3.54231  0.00994673
         372    -3.21171    -3.54142  0.00995961
         373    -3.25677    -3.54065   0.0099621
         374    -3.21314    -3.53978  0.00997388
         375    -3.14877    -3.53873   0.0100016
         376    -3.21232    -3.53787   0.0100126
         377    -3.27673    -3.53717     0.01001
         378    -3.30399    -3.53656   0.0100025
         379    -3.35029    -3.53607   0.0099882
         380    -3.30677    -3.53546  0.00998012
         381    -3.21956    -3.53463  0.00998831
         382    -3.27236    -3.53395  0.00998573
         383    -3.36881    -3.53352  0.00996896
         384    -3.30761    -3.53293  0.00996035
         385    -3.30811    -3.53234  0.00995158
         386    -3.24167    -3.53159  0.00995425
         387     -3.3223    -3.53105  0.00994321
         388    -3.32384    -3.53052  0.00993191
         389    -3.24732    -3.52979  0.00993302
         390    -3.21738    -3.52899   0.0099398
         391    -3.24225    -3.52825   0.0099414
         392    -3.31673    -3.52771  0.00993067
         393    -3.35426    -3.52727   0.0099152
         394    -3.31372    -3.52673  0.00990484
         395    -3.37527    -3.52635  0.00988718
         396    -3.32715    -3.52584    0.009875
         397    -3.37185    -3.52546  0.00985775
         398    -3.37484    -3.52508  0.00984024
         399    -3.37578     -3.5247  0.00982269
         400    -3.35154    -3.52427  0.00980767
         401    -3.42089    -3.52401   0.0097866
         402    -3.42973    -3.52378  0.00976506
         403    -3.37306     -3.5234  0.00974799
         404    -3.36061      -3.523  0.00973218
         405    -3.34122    -3.52255   0.0097185
         406    -3.33468    -3.52209  0.00970557
         407    -3.24243     -3.5214  0.00970602
         408    -3.19666    -3.52061  0.00971481
         409     -3.2896    -3.52004  0.00970746
         410    -3.30507    -3.51952  0.00969793
         411    -3.28422    -3.51894  0.00969122
         412    -3.43514    -3.51874  0.00966983
         413    -3.44553    -3.51856  0.00964805
         414    -3.43816    -3.51837   0.0096267
         415     -3.3699    -3.51801  0.00961014
         416    -3.34488     -3.5176  0.00959605
         417    -3.32086    -3.51712  0.00958463
         418    -3.33301    -3.51668  0.00957181
         419    -3.34956    -3.51628  0.00955728
         420    -3.34995    -3.51589  0.00954272
         421    -3.31187     -3.5154  0.00953235
         422    -3.30682    -3.51491  0.00952257
         423    -3.31091    -3.51443  0.00951226
         424    -3.35899    -3.51406  0.00949689
         425    -3.33744    -3.51365  0.00948363
         426    -3.42585    -3.51344  0.00946361
         427    -3.32975    -3.51301  0.00945122
         428    -3.40071    -3.51275  0.00943278
         429    -3.39262    -3.51247  0.00941495
         430    -3.43806    -3.51229  0.00939464
         431    -3.47141     -3.5122  0.00937332
         432    -3.32046    -3.51175  0.00936213
         433    -3.35919     -3.5114  0.00934713
         434    -3.27654    -3.51086  0.00934125
         435    -3.29919    -3.51037  0.00933244
         436    -3.32979    -3.50996  0.00932022
         437    -3.34988    -3.50959  0.00930609
         438    -3.46758     -3.5095  0.00928534
         439    -3.45325    -3.50937  0.00926507
         440    -3.45748    -3.50925  0.00924476
         441    -3.38763    -3.50898  0.00922791
         442    -3.40356    -3.50874  0.00921012
         443    -3.46752    -3.50864   0.0091898
         444    -3.55878    -3.50876  0.00916979
         445    -3.61978    -3.50901  0.00915258
         446    -3.55113     -3.5091  0.00913255
         447    -3.52312    -3.50913  0.00911217
         448    -3.42887    -3.50895  0.00909359
         449    -3.48184    -3.50889  0.00907354
         450    -3.36413    -3.50857  0.00905908
         451    -3.37653    -3.50828  0.00904372
         452    -3.45148    -3.50815  0.00902458
         453    -3.45418    -3.50803  0.00900545
         454    -3.49193      -3.508  0.00898568
         455    -3.52022    -3.50803  0.00896597
         456    -3.45877    -3.50792  0.00894696
         457    -3.50988    -3.50792  0.00892739
         458    -3.43455    -3.50776  0.00890933
         459    -3.43121     -3.5076  0.00889148
         460    -3.46136    -3.50749  0.00887272
         461    -3.46115    -3.50739  0.00885404
         462    -3.36999     -3.5071  0.00883987
         463    -3.33693    -3.50673  0.00882842
         464     -3.3645    -3.50642  0.00881471
         465    -3.43334    -3.50627  0.00879715
         466    -3.39246    -3.50602  0.00878167
         467    -3.41186    -3.50582  0.00876518
         468    -3.47224    -3.50575  0.00874674
         469    -3.45394    -3.50564  0.00872879
         470    -3.38258    -3.50538  0.00871414
         471    -3.34824    -3.50504  0.00870203
         472     -3.2837    -3.50457  0.00869621
         473    -3.18485     -3.5039  0.00870406
         474    -3.37076    -3.50362  0.00869023
         475    -3.44192    -3.50349   0.0086729
         476    -3.36168    -3.50319   0.0086598
         477    -3.36967    -3.50291  0.00864617
         478    -3.35052    -3.50259  0.00863395
         479    -3.25894    -3.50208   0.0086309
         480    -3.28449    -3.50163  0.00862481
         481    -3.20622    -3.50101  0.00862872
         482    -3.20972    -3.50041  0.00863196
         483    -3.25685     -3.4999   0.0086288
         484    -3.22439    -3.49934  0.00862973
         485    -3.31095    -3.49895  0.00862067
         486    -3.38247    -3.49871  0.00860627
         487    -3.35985    -3.49842  0.00859332
         488    -3.42284    -3.49827   0.0085771
         489    -3.42605    -3.49812  0.00856083
         490    -3.41306    -3.49795  0.00854512
         491     -3.4014    -3.49775  0.00852998
         492    -3.45576    -3.49766  0.00851307
         493    -3.41783     -3.4975  0.00849734
         494     -3.3618    -3.49723  0.00848458
         495    -3.38804    -3.49701  0.00847031
         496    -3.39088    -3.49679  0.00845593
         497    -3.39866     -3.4966  0.00844122
         498    -3.31957    -3.49624  0.00843175
         499    -3.39724    -3.49604  0.00841719
         500    -3.40118    -3.49585  0.00840249
